sample	survival	status	FDX1	LIAS	LIPT1	DLD	DLAT	PDHA1	PDHB	MTF1	GLS	CDKN2A	Cuproptosis_positive	Cuproptosis_negative	Cuproptosis_activity_score	subtype	Histology	Grade	Gender	IDH_status	Radio_status	Chemo_status	Age	riskscore	risk	Cuproptosis_activity_score
CGGA_1002	10	1	6.44	6.43	5.54	12.65	7.75	80.16	55.07	1.29	37.16	12.85	-0.263790435	0.396851196	-0.660641631	S1	Astrocytoma	III	Female	Wildtype	1	1	43	8.858822824	High	9
CGGA_1003	112.7	0	8.97	4.46	9.46	10.13	7.33	114.62	38.33	0.81	12.89	17.01	0.419562051	-0.597421811	1.016983862	S2	Oligodendroglioma	II	Female	Mutant	0	1	47	6.96323706	Low	112.7
CGGA_1010	8.1	1	0.42	1.45	0.32	2.9	1.46	3.27	2.53	0.64	3.93	3.18	-0.698395726	-0.412316544	-0.286079182	S2	Astrocytoma	II	Male	Mutant	1	1	45	2.481189974	Low	7.1
CGGA_1012	112	0	8.29	6.91	11.5	32.02	9.96	60.58	65.57	2.03	16.92	7.21	0.41903361	-0.520475614	0.939509223	S3	Oligodendroglioma	II	Male	Mutant	1	1	45	8.180754135	Low	112
CGGA_1014	8.6	1	6.99	6.88	6.54	14.4	7.75	92.98	47.46	1.29	21.03	5.54	-0.185613011	-0.526696521	0.34108351	S3	Astrocytoma	II	Male	Wildtype	0	1	42	9.898061098	High	7.6
CGGA_1018	83.1	1	7.41	9.63	8.27	30.61	9.63	78.9	38.45	1.26	19.54	45.7	0.410969581	-0.315668779	0.72663836	S2	Oligodendroglioma	II	Male	Mutant	1	1	50	8.707525166	High	82.1
CGGA_103	39.1	1	7.54	7.53	5.62	36.27	11.65	64.97	49.38	6.45	24.9	53.02	-0.322435363	0.610052359	-0.932487722	S2	Astrocytoma	III	Male	Mutant	1	0	56	9.044653978	High	38.1
CGGA_1030	107.7	0	7.43	7.35	5.74	16.57	10.65	114.49	59.49	1.43	64.1	12.28	0.464367094	0.562338452	-0.097971358	S3	Astrocytoma	II	Female	Mutant	1	1	40	8.874574542	High	107.7
CGGA_1032	21.1	1	0.96	1.5	1.46	1.54	1.78	3.17	5.84	1.19	4.09	4.63	-0.741409508	0.331762842	-1.07317235	S2	Astrocytoma	II	Female	Wildtype			41	4.130418953	Low	20.1
CGGA_1033	43.5	0	5.19	9.64	3.61	13.44	5.17	111.44	38.61	0.79	40.63	5.24	0.339132244	0.364399237	-0.025266993	S1	Oligoastrocytoma	II	Male		0	1	44	8.099108244	Low	43.5
CGGA_1037	25.6	0	2.91	9.26	3.77	3.55	2.49	77.73	14.6	0.69	10.92	15.63	-0.539269224	-0.634026399	0.094757175	S1	Astrocytoma	II	Male		1	0	44	5.939143329	Low	25.6
CGGA_1048	23.1	0	10.01	7.32	9.62	34.89	12.41	74.4	50.97	1.28	24.91	497.81	0.540832041	0.529529534	0.011302507	S3	Astrocytoma	II	Female	Wildtype	0	1	27	9.424434962	High	23.1
CGGA_1051	27.6	1	5.22	4.63	3.73	10.01	6.68	87.51	40.06	1.49	36.57	5.18	-0.504197289	0.510114422	-1.014311711	S1	Astrocytoma	II	Male	Wildtype			47	8.391391521	High	26.6
CGGA_1055	53	1	8.68	4.21	8.52	87.69	12.76	77.44	53.39	2.83	22.03	11.55	0.409977243	-0.291145418	0.701122661	S2	Astrocytoma	III	Male	Mutant	1	1	43	9.503305666	High	52
CGGA_1057	50.9	1	6.32	8.72	4.99	11.81	4.09	58.94	31.51	1.43	7.94	35.12	-0.515809032	-0.405701206	-0.110107826	S1	Astrocytoma	II	Female	Wildtype	1	1	57	8.069464369	Low	49.9
CGGA_1058	32.7	1	15.09	7.12	10.16	22.42	15.12	58.72	62.13	3.1	17.08	152.47	0.695193603	0.710769744	-0.015576141	S3	Astrocytoma	II	Male	Mutant	1	1	34	8.903257572	High	31.7
CGGA_106	154.4	0	7.21	8.18	4.56	18.1	4.66	47.49	44.25	1.6	13.9	19.13	-0.418126317	-0.461307538	0.043181221	S1	Astrocytoma	II	Male	Wildtype	0	1	30	8.379746972	High	154.4
CGGA_1065	99.4	0	6.16	7.87	8.5	36.8	8.51	92.43	62.33	1.17	10.22	40.49	0.539033736	-0.479319216	1.018352952	S2	Oligodendroglioma	II	Female	Mutant	1	1	48	8.424849049	High	99.4
CGGA_1066	23.8	1	9.89	5.59	5.11	32.91	10.3	61.47	54.98	4.39	16.38	89.15	-0.227376894	0.851025745	-1.078402639	S3	Astrocytoma	II	Female	Mutant	1	0	34	9.75048344	High	22.8
CGGA_107	70.9	1	10.66	5.89	6.81	47.99	17.6	68.82	50.54	4.87	22.35	3.21	0.341658452	-0.337040908	0.67869936	S3	Astrocytoma	III	Female	Wildtype	0	0	38	11.74144961	High	69.9
CGGA_108	12	1	6.78	4.57	5.86	65.25	8.19	68.62	61	3.81	24.95	2.82	0.295162182	-0.344867901	0.640030083	S2	Astrocytoma	III	Male	Wildtype	1	1	44	8.206461362	Low	11
CGGA_1087	23	0	7.5	6.81	8.21	20.02	9.08	127.5	48.04	1.16	14.53	64.78	0.517995435	0.348764418	0.169231018	S2	Oligodendroglioma	II	Female	Mutant	0	1	36	7.511746695	Low	23
CGGA_1097	45.3	1	8.08	8.86	8.8	39.45	8.35	66.17	42.82	2.25	9.63	2.27	0.339320589	-0.707789103	1.047109692	S3	Astrocytoma	II	Male	Wildtype	1	1	30	10.68303507	High	44.3
CGGA_1100	96.2	0	0.55	1.56	1.17	3.07	3.24	10.42	10.06	1.05	6.23	2.44	-0.758939166	0.449966644	-1.208905811	S2	Oligodendroglioma	II	Female	Mutant	1	1	61	4.351818264	Low	96.2
CGGA_1101	7	1	0.81	1.36	0.94	0.89	1.86	4.17	4.64	2.26	2.4	0.52	-0.785279399	-0.344115039	-0.441164361	S2	Astrocytoma	II	Female	Wildtype	0	0	35	5.290963798	Low	6
CGGA_1108	22.5	1	10.27	9.25	8.4	48.94	11.57	56.8	33.22	4.64	42.82	55.95	-0.323430813	0.75310847	-1.076539283	S3	Astrocytoma	III	Female	Wildtype	1	1	39	11.14130335	High	21.5
CGGA_1111	88.6	1	8.04	9.49	5.92	14.08	5.81	122.19	47.72	1.37	7.45	632.05	0.301827727	0.492191994	-0.190364267	S3	Astrocytoma	III	Male	Mutant	1	1	45	7.91020744	Low	87.6
CGGA_112	50.4	1	5.71	6.77	5.49	34.94	6.52	78.59	44.06	2.4	18.76	35.41	0.248040033	0.615702135	-0.367662101	S2	Astrocytoma	II	Male	Mutant	1	1	17	7.382000223	Low	49.4
CGGA_1120	13.9	1	0.41	0.3	0.21	1.45	1.27	9.63	4.54	0.45	3.86	2.91	-0.734862385	-0.378960974	-0.355901411	S2	Oligoastrocytoma	III	Female	Mutant	1	1	58	2.643403937	Low	12.9
CGGA_1121	95	0	7.82	9.03	5.7	18.26	4.52	85.07	43.23	1.47	5.48	75.23	0.426347552	-0.464326377	0.890673929	S3	Astrocytoma	III	Female	Mutant	1	1	29	7.614235933	Low	95
CGGA_1126	25.8	1	7.18	12.88	7.31	14.31	4.93	82.27	32.52	1.48	10.45	19.51	-0.253854476	-0.571422615	0.317568139	S3	Astrocytoma	III	Male	Mutant	1	1	44	8.185306139	Low	24.8
CGGA_1127	86.5	1	3.81	11.93	5.19	6.62	2.39	66.56	16.26	0.64	2.51	18.6	-0.558270333	-0.855165718	0.296895385	S1	Oligodendroglioma	II	Male		1	1	33	6.271434286	Low	85.5
CGGA_1131	94.1	0	8.68	6.92	7.48	38.84	10.99	50.66	13.47	2.07	25.09	67.06	-0.438762767	0.61023363	-1.048996398	S2	Astrocytoma	III	Female	Mutant	1	1	46	8.402422818	High	94.1
CGGA_1132	94.1	0	5.05	2.31	2.48	9.17	4.4	74.75	28.28	1.01	3.99	49.6	-0.546553016	-0.394756887	-0.15179613	S3	Oligodendroglioma	III	Female	Mutant	1	1	33	5.863610786	Low	94.1
CGGA_1137	93.6	0	0.18	0.51	0.73	1.98	1	2.9	2.71	0.68	8.65	0.95	-0.721051036	0.471939626	-1.192990662	S3	Astrocytoma	III	Male	Wildtype	1	1	58	4.909420775	Low	93.6
CGGA_1141	14.2	1	5.8	5.82	2.43	17.31	6.77	87.02	48.23	0.88	36.25	10.07	-0.30217326	-0.392745908	0.090572648	S1	Astrocytoma	III	Male	Wildtype			65	8.494857952	High	13.2
CGGA_1144	82.4	0	5.51	5.73	3.41	17.41	9.47	81.64	49.52	1.42	50.69	3.95	-0.284737281	0.526398109	-0.811135391	S3	Astrocytoma	III	Female	Wildtype	1	1	39	8.498200054	High	82.4
CGGA_1147	92.9	0	8.19	6.16	4.4	28.1	8.13	60.68	53.07	2.73	14.86	3.01	-0.306631271	-0.462575308	0.155944036	S2	Astrocytoma	II	Male	Mutant	0	1	36	7.661352491	Low	92.9
CGGA_1148	19.6	1	15.28	7.94	6.42	18.28	8.12	99.4	35.97	1.85	21.09	6.32	0.435244433	-0.277656613	0.712901047	S3	Astrocytoma	II	Male	Mutant	1	1	37	8.390160727	High	18.6
CGGA_1152	92.4	0	6.65	6.82	5.04	7.28	3.29	73.09	31.86	1.28	6.04	29.11	-0.589371393	-0.603573509	0.014202115	S1	Astrocytoma	II	Male	Wildtype	1	1	13	8.660871159	High	92.4
CGGA_1154	12.1	1	12.82	6.73	7.78	43.56	16.49	76.28	47.65	3.54	25.57	70.19	0.603742564	0.761174116	-0.157431552	S2	Astrocytoma	III	Female	Mutant			33	8.559874068	High	11.1
CGGA_1155	45.1	1	3.87	13.63	4.35	7.88	2.68	71.48	18.99	0.77	3.99	56.5	-0.592090026	-0.648977787	0.056887762	S1	Astrocytoma	III	Male	Mutant	1	1	43	7.118109435	Low	44.1
CGGA_1156	92.2	0	7.23	8.21	7.35	27.17	6.25	75.33	41.83	1.48	11.59	124.21	0.308298582	0.547045645	-0.238747063	S3	Astrocytoma	II	Female	Mutant	1	0	41	7.583292965	Low	92.2
CGGA_1157	23.9	1	8.94	6.38	6.37	13.87	5.75	93.36	23.19	1.64	6.09	47.3	0.236661416	-0.45138344	0.688044856	S3	Astrocytoma	II	Male	Wildtype	1	1	64	9.439056171	High	22.9
CGGA_1158	92	0	8.03	7.11	11.02	14.09	7.99	87.97	43.51	1.37	8.63	26.31	0.346095889	-0.584181121	0.93027701	S2	Oligodendroglioma	II	Male	Mutant	1	1	39	8.566610662	High	92
CGGA_1159	91.8	0	5.11	4.65	3.59	10.95	5.1	75.76	39.4	1.08	26.27	25.84	-0.5497575	0.46996878	-1.01972628	S1	Astrocytoma	II	Male	Mutant	0	1	51	8.106643802	Low	91.8
CGGA_1161	91.8	0	6.13	7.81	3.2	10.33	4.26	90.55	31.3	0.88	17.06	28.85	-0.395889992	-0.29698966	-0.098900332	S1	Astrocytoma	III	Male	Mutant	1	0	36	7.483576937	Low	91.8
CGGA_1162	91.6	0	3.13	12.17	1.74	3.26	2.24	33.11	10.44	0.89	4.63	35.14	-0.606430038	-0.282313209	-0.32411683	S1	Oligoastrocytoma	III	Male		1	1	39	5.187367127	Low	91.6
CGGA_1169	58	1	7.79	6.36	5.6	17.29	6.52	88.31	42.55	2.62	13.14	27.14	0.215763136	0.629771913	-0.414008777	S3	Astrocytoma	III	Male	Mutant	1	1	30	7.887280074	Low	57
CGGA_1178	13.9	1	6.41	6.57	4.57	42.78	9.91	96.87	50.05	3.37	32.5	2.13	0.217912613	0.540068517	-0.322155904	S3	Astrocytoma	III	Male	Mutant	1	1	41	7.863068326	Low	12.9
CGGA_1181	10.5	0	6.92	8.54	5.96	12.03	4.7	138.6	46.66	1.26	6.8	161.51	0.309995545	0.465741501	-0.155745956	S3	Astrocytoma	II	Male	Mutant	1	1	36	7.596936592	Low	10.5
CGGA_1183	13.4	1	8.69	13.66	10.03	16.82	7.57	91.98	46.58	1.46	11.14	140.16	0.499885722	0.374347866	0.125537856	S3	Astrocytoma	III	Female	Wildtype	1	1	25	9.866727908	High	12.4
CGGA_1184	5.1	1	5.49	5.66	4.27	27.14	8.09	80.35	64.07	1.19	38.4	5.6	-0.243105094	0.374315263	-0.617420356	S3	Astrocytoma	III	Male	Mutant	1	1	46	8.294509532	High	4.1
CGGA_1185	24	1	10.84	3.6	7.17	12.52	9.3	97.83	32.16	2.19	13.97	159	-0.264112897	0.636236244	-0.900349141	S3	Astrocytoma	III	Female	Wildtype	1	1	50	9.856480373	High	23
CGGA_1191	88.6	0	3.93	5.83	7.47	29.93	6.22	77.12	20.56	1	9.96	49.89	-0.405445175	-0.319431492	-0.086013683	S2	Oligodendroglioma	III	Male	Mutant	0	0	53	6.921645805	Low	88.6
CGGA_1192	88.5	0	10.91	5.69	6.51	15.07	7.43	54.93	34.97	2.87	12.68	171.06	-0.55517359	0.565671481	-1.120845071	S3	Astrocytoma	II	Female	Mutant	1	1	43	8.476302742	High	88.5
CGGA_1195	15.6	1	12.04	11.65	9.96	9.81	7.16	91.06	38.19	1.38	6.24	14.56	0.524304858	-0.568647063	1.092951921	S3	Astrocytoma	III	Male	Mutant	0	0	43	8.599759319	High	14.6
CGGA_1198	88.1	0	0.14	0.21	0.29	0.9	0.94	3.56	1.45	0.22	7.19	1.53	-0.716506119	-0.372488811	-0.344017308	S2	Oligodendroglioma	II	Male	Mutant	0	1	30	1.535464858	Low	88.1
CGGA_1204	87.7	0	7.83	9.77	8.27	34.65	8.68	66.02	50.67	1.66	17.15	13.07	0.393772246	-0.544925374	0.93869762	S2	Oligodendroglioma	II	Male	Mutant	0	1	53	7.909468359	Low	87.7
CGGA_1205	30.5	1	0.21	1.09	0.71	2.13	0.82	4.14	4.13	0.87	4.47	15.97	-0.737614679	0.400683789	-1.138298468	S2	Astrocytoma	III	Female	Wildtype	1	1	59	2.743939282	Low	29.5
CGGA_1207	87.5	0	4.83	5.99	3.76	6.96	4.97	104.99	35.36	0.72	23.18	30.69	-0.401909515	-0.407607828	0.005698313	S1	Oligoastrocytoma	III	Female		0	1	49	7.323324922	Low	87.5
CGGA_1211	87.3	0	9.45	6.76	10.67	32.37	9.99	54.76	38.8	1.99	14.69	21.63	0.302638371	-0.401017345	0.703655716	S3	Oligodendroglioma	II	Male	Mutant	0	0	40	8.898246984	High	87.3
CGGA_1212	75.4	1	11.44	7.99	7.3	32.19	11.9	73.51	50.46	3.26	29.95	64.51	0.522143716	0.76009006	-0.237946344	S2	Astrocytoma	III	Male	Mutant	1	1	31	8.945181634	High	74.4
CGGA_1223	22.4	1	7.2	5.45	6.8	19.24	8.03	76.07	42.39	2.79	7.05	3.32	-0.395220341	-0.666125558	0.270905217	S3	Astrocytoma	III	Male	Wildtype	1	1	42	9.908884942	High	21.4
CGGA_1226	22	1	11.15	6.99	9.39	20.39	10.24	69.42	38.67	3.45	25.02	22.01	0.395743313	0.550627812	-0.154884499	S3	Astrocytoma	II	Female	Wildtype	1	1	33	8.912016933	High	21
CGGA_1228	86.3	0	7.46	7.02	5.2	17.7	8.79	93.84	41.9	2.35	38.25	39.02	-0.286673421	0.591841599	-0.87851502	S1	Astrocytoma	II	Male	Wildtype	0	1	34	9.247163818	High	86.3
CGGA_1232	68	1	6.18	6.54	7.35	21.65	6.62	66.24	38.68	1.93	9.37	92.96	-0.423783346	0.367113947	-0.790897293	S3	Astrocytoma	III	Male	Mutant	1	1	39	8.281746112	High	67
CGGA_1235	86	0	5.79	6.17	7.38	10.09	6.38	62.03	27.43	2.19	7.37	18.64	-0.572092831	-0.523756809	-0.048336022	S3	Oligodendroglioma	III	Female	Mutant	0	1	32	7.355129616	Low	86
CGGA_1238	85.8	0	7.45	4.64	6.28	16.95	7.85	49.03	35.88	2.48	16.12	85.53	-0.582352831	0.61164712	-1.193999951	S3	Astrocytoma	II	Female	Wildtype	0	0	11	9.428397791	High	85.8
CGGA_1239	85.8	0	7.12	11.22	7.9	17.88	6.72	73.91	41.19	1.82	9.49	36.47	0.33922035	-0.758683992	1.097904342	S2	Oligodendroglioma	II	Female	Mutant	1	1	44	7.9738033	Low	85.8
CGGA_1264	83.5	0	5.51	8.08	7.79	15.6	6.91	80.38	50.85	2.05	10.64	31.73	-0.294267075	-0.469824109	0.175557034	S2	Oligodendroglioma	III	Female	Mutant	0	1	37	7.927820957	Low	83.5
CGGA_1269	83.3	0	5.76	6.92	6.2	23.76	12.71	70.36	64.53	1.29	10.96	26.3	0.339641942	-0.628585724	0.968227666	S2	Oligodendroglioma	III	Female	Mutant	0	1	35	8.476691368	High	83.3
CGGA_1273	80.2	0	7.96	6.65	6.76	27.15	12.56	75.47	62.14	1.58	28.89	33.56	0.321320501	0.461574396	-0.140253895	S3	Astrocytoma	III	Male	Mutant	1	1	64	10.25865207	High	80.2
CGGA_1286	82.8	0	5.1	10.73	4.71	8.85	4.06	89.77	35.2	1.02	3.79	19.3	-0.29929093	-0.70308028	0.40378935	S3	Oligodendroglioma	II	Female	Mutant	1	1	52	6.942488565	Low	82.8
CGGA_1291	79.6	0	3.67	21.41	5.22	3.73	2.54	43.31	8.21	0.67	5.65	8.81	-0.567167979	-0.610112662	0.042944683	S1	Oligodendroglioma	III	Male		1	1	41	6.527336735	Low	79.6
CGGA_1295	10.2	1	7.85	7.58	7.72	13.9	7.7	57.17	55.59	2.05	21.04	75.52	-0.325818299	0.582714719	-0.908533018	S3	Astrocytoma	III	Male	Mutant	1	1	40	9.137397335	High	9.2
CGGA_1300	58.9	1	8.39	8.24	11.17	19.83	6.72	52.61	51.59	4.62	15.01	37.05	0.260079359	0.835073691	-0.574994332	S3	Astrocytoma	III	Male	Mutant	1	1	35	9.030365414	High	57.9
CGGA_1303	81.3	0	0.58	0.73	0.78	2.26	2.46	9.19	7.21	0.94	17.77	1.79	-0.742270321	0.700348104	-1.442618425	S2	Oligoastrocytoma	III	Female	Mutant	1	1	45	3.304708448	Low	81.3
CGGA_1305	82	0	6.78	7.02	3.96	9.22	3.31	90.68	27.65	1.11	5.3	86.36	-0.553516394	-0.399066313	-0.154450081	S1	Astrocytoma	III	Male	Mutant	1	1	43	6.946631302	Low	82
CGGA_1309	31.7	0	3.46	12.96	4.2	8.09	2.66	81.69	22.13	0.35	3.14	26.71	-0.327075807	-0.778478021	0.451402214	S3	Oligodendroglioma	III	Male		1	1	65	5.767309465	Low	31.7
CGGA_1311	35.5	1	3.75	7.72	9.54	22.74	10.13	132.24	66.48	1.63	18.94	67.58	0.544430055	0.627251118	-0.082821064	S2	Oligodendroglioma	III	Female	Mutant	1	1	29	7.526541741	Low	34.5
CGGA_1317	81.4	0	0.37	1.48	0.38	1.81	1.84	8.13	7.89	0.87	5.98	3.78	-0.776230192	-0.504044363	-0.272185829	S2	Oligoastrocytoma	II	Male	Mutant	0	1	45	2.93114812	Low	81.4
CGGA_1318	49.2	0	9.08	6.3	8.39	10.84	7.6	73.47	33.1	1.71	16.63	68.34	-0.384112523	0.481741455	-0.865853977	S3	Astrocytoma	II	Male	Mutant	1	0	39	8.730742051	High	49.2
CGGA_1319	81.3	0	6.32	13.37	4.84	7.38	3.15	77.19	26.08	0.88	7.8	17.17	-0.480983631	-0.592215413	0.111231782	S1	Oligodendroglioma	III	Female	Wildtype	1	1	42	6.522279006	Low	81.3
CGGA_1321	23.1	1	8.76	7.17	7.69	25.72	10.5	118.12	27.29	3.5	20.53	147.43	-0.23197721	0.640763796	-0.872741006	S2	Astrocytoma	III	Male	Mutant	1	1	46	9.137852768	High	22.1
CGGA_1334	4.8	1	6.44	4.33	4.95	17.14	9.48	65.96	50.94	1.89	12.35	95.49	-0.317756274	0.622876892	-0.940633165	S3	Astrocytoma	II	Female	Wildtype	1	1	33	8.243741669	Low	3.8
CGGA_1335	80.6	0	7.14	7.65	5.54	17.88	6.4	97.17	61.98	0.8	15.82	53.79	0.564841196	-0.489163097	1.054004293	S3	Oligodendroglioma	II	Female	Mutant	0	1	43	8.048672561	Low	80.6
CGGA_1339	80.4	0	6.67	7.58	7.18	35.62	9.43	52.34	53.38	3.1	11.43	24.35	0.322210405	0.510853517	-0.188643111	S2	Oligodendroglioma	II	Male	Mutant	0	1	41	7.783456401	Low	80.4
CGGA_1345	80.1	0	8.07	11.74	5.53	9.59	3.98	67.57	29.64	0.58	3.72	92.87	-0.305864958	-0.688949106	0.383084148	S1	Oligodendroglioma	II	Male	Mutant	1	0	56	7.107775126	Low	80.1
CGGA_135	63.3	1	10.34	3.79	5.86	31.5	11.28	60.71	46.93	4.28	25.71	19.29	-0.347328415	0.450571233	-0.797899648	S3	Astrocytoma	III	Female	Wildtype	1	0	41	10.68104676	High	62.3
CGGA_1350	79.9	0	0.52	0.35	0.4	1.84	2.06	5.02	6.56	0.43	7.55	1.44	-0.724605729	-0.499930039	-0.224675691	S2	Oligodendroglioma	II	Male	Mutant	0	1	36	3.129028649	Low	79.9
CGGA_1356	31.2	1	6.55	6.72	4.66	34.23	10.99	90.41	66.1	2.04	50.16	8.03	0.409632825	0.472491558	-0.062858733	S3	Astrocytoma	III	Male	Mutant	0	1	52	8.925965787	High	30.2
CGGA_1359	11.3	1	11.33	5.12	5.42	17.66	8.62	69.9	55.1	1.76	22.81	593.81	0.307464525	0.716365741	-0.408901216	S1	Astrocytoma	III	Male	Wildtype	1	1	21	10.18058087	High	10.3
CGGA_1361	79.4	0	8.01	5.91	3.3	36.85	12.18	65.1	52.31	3.05	30.33	28.03	0.298214582	0.8688393	-0.570624717	S2	Oligodendroglioma	II	Male	Mutant	1	1	40	8.504206235	High	79.4
CGGA_1362	79.4	0	7.77	7.69	5.77	20.38	8.94	59.97	59.14	3.39	30.87	30.32	-0.274778484	0.661505113	-0.936283597	S3	Astrocytoma	III	Female	Wildtype	1	1	64	9.392892901	High	79.4
CGGA_1368	79.2	0	0.58	0.64	1.4	1.9	1.91	5.75	6.74	0.38	9.93	8.44	-0.734070058	-0.338084731	-0.395985327	S2	Oligodendroglioma	II	Male	Mutant	1	0	49	3.38171916	Low	79.2
CGGA_1369	11.8	0	5.7	10.65	5.06	8.03	3.26	82.97	30.33	1.04	6.28	41.01	-0.307269392	-0.369072057	0.061802665	S3	Oligodendroglioma	III	Female	Mutant	1	1	37	6.635372132	Low	11.8
CGGA_1377	78.6	0	9.06	9.02	6.5	27.59	8.08	44.99	52.32	3.61	19.96	23.71	-0.343362242	0.492665697	-0.836027939	S2	Astrocytoma	III	Male	Mutant	1	1	28	8.340378122	High	78.6
CGGA_1383	29.1	0	4	7.48	6.08	11.59	3.94	177.3	35.13	0.63	4.99	8.38	0.26888684	-0.748770105	1.017656945	S3	Astrocytoma	III	Female	Mutant	1		47	6.51764413	Low	29.1
CGGA_1386	78.3	0	3.61	15.83	4.06	7.89	2.03	63.9	19.24	0.24	1.82	21.97	-0.385069323	-0.855217666	0.470148343	S1	Oligodendroglioma	III	Male		1	1	34	5.318373837	Low	78.3
CGGA_1389	54.9	1	5.08	11.11	4.97	10.29	4.67	116.61	41.1	0.64	11.4	67.64	0.442758886	-0.543916246	0.986675132	S1	Oligodendroglioma	III	Female	Mutant	1	0	67	7.268848539	Low	53.9
CGGA_1390	67.4	0	6.07	4.51	4.09	14.79	6.78	116.37	53.93	0.85	49.36	20.24	0.224078635	0.482564238	-0.258485603	S1	Astrocytoma	III	Male	Mutant	1	1	50	8.859206526	High	67.4
CGGA_1398	18.2	1	8.19	7.84	5.53	30.28	6.02	80.69	26.27	3.3	12.34	44.84	-0.341049303	0.411886634	-0.752935937	S2	Astrocytoma	III	Male	Mutant	1	1	43	7.800153664	Low	17.2
CGGA_1400	77.4	0	2.59	21.66	7.15	5.6	2.31	69.83	23.34	0.6	2.92	30.73	-0.341945243	-0.675272504	0.333327261	S1	Oligodendroglioma	III	Female		1	1	53	6.784884628	Low	77.4
CGGA_1401	55.2	1	7.6	6.16	5.97	55.79	13.24	80.33	49.9	5.45	19.85	22.84	0.414781839	0.594855346	-0.180073508	S2	Astrocytoma	III	Male	Mutant	1	1	39	8.731981368	High	54.2
CGGA_1404	77.4	0	7.34	8.29	6.92	30.4	6.67	120.59	66.4	0.96	17.49	51.53	0.614085129	-0.39393486	1.008019988	S3	Oligodendroglioma	III	Female	Mutant	1	0	56	7.864466121	Low	77.4
CGGA_1407	76.9	0	4.15	10.41	3.26	6.93	2.29	54.17	13.89	0.59	6.33	17.5	-0.525543937	-0.706441965	0.180898028	S1	Oligodendroglioma	III	Female	Mutant	0	1	29	6.035868246	Low	76.9
CGGA_1413	76.9	0	6.85	9.06	5.16	38.69	13.01	66.47	49.62	2.69	39.74	8.64	0.316430359	0.379710447	-0.063280089	S2	Oligodendroglioma	III	Male	Mutant	1	1	35	9.152453991	High	76.9
CGGA_1416	63.6	1	5.95	10.58	4.35	12.91	4.52	106.28	47.15	0.62	6.7	2.59	0.432769518	-0.835640427	1.268409945	S3	Oligodendroglioma	III	Male	Mutant	0	0	42	7.241113143	Low	62.6
CGGA_1417	76.7	0	6.51	7.51	5.58	48.46	14.12	67.52	46.15	2.45	20.53	22.01	0.494196171	0.354528019	0.139668152	S2	Oligodendroglioma	III	Male	Mutant	1	1	56	9.078797124	High	76.7
CGGA_1421	76.2	0	5.35	9.25	3.28	9.66	4.64	85.32	31.02	0.93	28.12	2.82	-0.269329069	-0.286575234	0.017246165	S1	Oligodendroglioma	III	Male		1	1	35	7.647917242	Low	76.2
CGGA_1424	76	0	0.26	0.11	0.38	0.6	1.12	2.42	3.34	0.84	4.7	0.72	-0.738740617	0.587169165	-1.325909782	S2	Oligodendroglioma	III	Female	Mutant	1	1	41	1.21600239	Low	76
CGGA_1427	11.1	0	6.28	6.29	5.91	6.24	4.01	82.68	25.08	1.1	11.64	8.51	-0.49457996	-0.649489783	0.154909822	S1	Oligoastrocytoma	II	Female		1	0	30	7.229033417	Low	11.1
CGGA_1431	67.3	1	6.05	9.7	5.38	12.33	4.41	80.01	42.56	1.11	7.12	62.01	-0.295434515	-0.42259763	0.127163115	S1	Astrocytoma	III	Male	Mutant	1	1	48	8.492690547	High	66.3
CGGA_1434	2.2	1	10.89	5.88	9.61	35.43	11.09	53.47	41.15	3.25	16.44	7.64	0.275678634	-0.520266818	0.795945451	S3	Astrocytoma	III	Male	Wildtype	1	1	61	10.67118084	High	1.2
CGGA_1435	54.5	1	8.53	6.9	5.86	51.55	8.79	74.77	64.24	2.71	11.04	38.12	0.496691427	-0.320397008	0.817088435	S3	Astrocytoma	III	Female	Mutant	1	0	46	9.261309451	High	53.5
CGGA_1437	34.1	1	6.91	6.92	3.34	21.68	8.06	84.22	59.17	1.12	40.72	11.28	0.256784261	0.426400716	-0.169616455	S1	Astrocytoma	III	Male	Wildtype	1	1	48	8.95465097	High	33.1
CGGA_1440	75.3	0	6.09	7.78	4.78	35	7.55	72.69	54.98	1.18	11.87	31.13	0.262797313	-0.627323397	0.89012071	S3	Oligodendroglioma	II	Female	Mutant	0	1	29	7.70301866	Low	75.3
CGGA_1443	75.1	0	4.7	6.15	6.32	7.67	4.51	57.43	35.97	1.65	13.01	17.42	-0.534101923	-0.423032021	-0.111069901	S1	Astrocytoma	II	Male	Wildtype	1		41	9.206223512	High	75.1
CGGA_1445	75.1	0	0.15	0.69	0.76	2.02	1.26	11.83	11.41	0.52	6.71	3.38	-0.669928899	-0.415985657	-0.253943242	S2	Astrocytoma	III	Male	Wildtype	1	1	37	5.432456686	Low	75.1
CGGA_1446	75.1	0	0.28	0.87	0.22	1.41	1.58	6.46	4.26	0.22	17.01	2.38	-0.698582152	0.395018022	-1.093600174	S2	Oligoastrocytoma	II	Male	Mutant	0	1	29	3.348422759	Low	75.1
CGGA_1447	10.1	1	0.4	0.49	1.04	1.07	1.62	6.46	6.19	0.51	30.77	1.33	-0.686905755	0.672713772	-1.359619527	S2	Astrocytoma	III	Male	Wildtype	1	1	48	1.859672516	Low	9.1
CGGA_1454	74.8	0	6.66	7.51	4.15	25.05	9.6	108.6	62.74	0.99	47.57	3.25	0.455818112	0.387924322	0.067893789	S3	Astrocytoma	II	Female	Wildtype	1	0	42	8.820901316	High	74.8
CGGA_1455	74.8	0	0.28	0.56	0.14	1.79	1.19	3.72	4.95	0.25	13.3	2.02	-0.722477064	0.356313595	-1.078790659	S2	Oligodendroglioma	II	Male	Mutant	0	0	40	1.872041454	Low	74.8
CGGA_1458	4.2	1	5.51	10.56	11.97	28.04	7.9	45.57	32.03	1.55	11.07	76.32	-0.344697984	0.350948575	-0.695646559	S2	Oligodendroglioma	III	Female	Mutant	1	1	54	9.217507259	High	3.2
CGGA_1459	16.5	1	9.71	5.75	6.93	46.45	17.05	74.79	47.68	4.22	23.54	1.96	0.357721012	-0.380362528	0.73808354	S2	Astrocytoma	III	Male	Wildtype	1	1	55	10.94938252	High	15.5
CGGA_1463	74	0	7.44	5.51	9.08	42.7	11.33	54.03	48.3	2.18	13.93	34.98	0.327681207	0.537483322	-0.209802115	S2	Oligodendroglioma	II	Female	Mutant	1	0	69	8.440682364	High	74
CGGA_1469	73.8	0	0.34	0.62	0.22	1.29	1.87	4.61	3.31	0.25	11.52	4.27	-0.729916443	-0.314889401	-0.415027042	S2	Oligoastrocytoma	III	Male	Mutant	1	1	46	2.370005257	Low	73.8
CGGA_1471	73.9	0	8.51	7.52	7.6	33.19	6.53	41.18	60.52	2	18.39	127.55	0.406474016	0.652768512	-0.246294496	S3	Astrocytoma	II	Male	Mutant	1	1	45	8.487100385	High	73.9
CGGA_1473	8.7	1	5.45	3.87	13.86	1.53	43.22	13.53	6.07	7.25	7.5	118.69	-0.532896325	-0.253524465	-0.27937186	S2	Astrocytoma	III	Female		1	1	28	10.15672323	High	7.7
CGGA_1474	10.9	0	0.6	0.86	0.22	1.92	2.21	6.02	5.87	0.76	11.74	1.82	-0.696576878	0.727304244	-1.423881122	S2	Oligodendroglioma	III	Female	Mutant	1	1	50	2.704208756	Low	10.9
CGGA_1477	39.3	1	7.02	9.14	5.4	8.53	4.21	98.09	35.42	1.36	6.16	23.15	0.229889946	-0.740216732	0.970106678	S3	Oligoastrocytoma	II	Male		1	1	43	6.866546502	Low	38.3
CGGA_1482	72.7	0	4.3	9.9	2.51	8.62	2.44	62.64	22.96	0.77	2.26	15.96	-0.550033153	-0.774655449	0.224622295	S3	Oligodendroglioma	III	Male		1	1	38	5.877423694	Low	72.7
CGGA_1487	17.1	1	8.42	4.82	2.75	36.6	6.05	61.44	27.03	1.8	6.91	2.21	-0.488404213	-0.771680302	0.283276089	S3	Astrocytoma	III	Female	Wildtype	1	1	49	9.399859103	High	16.1
CGGA_1488	72.5	0	8.85	5.47	6.66	61.88	9.73	56.26	55.9	3.83	20.85	23.91	0.320835177	0.619274433	-0.298439256	S2	Astrocytoma	II	Male	Mutant	0	0	31	8.992695136	High	72.5
CGGA_1497	38.7	1	6.35	8.04	14.77	35.45	10.56	80.99	45.4	5.24	27.77	295.88	0.512162818	0.719021014	-0.206858196	S2	Astrocytoma	III	Female	Mutant	1	1	24	8.541836287	High	37.7
CGGA_1502	71.8	0	5.19	8.54	4.34	13.04	3.01	83.84	35.68	0.63	3.22	11.92	-0.204045038	-0.83734007	0.633295032	S1	Oligodendroglioma	II	Female	Mutant	0	0	27	7.487738164	Low	71.8
CGGA_1504	71.6	0	4.46	9.21	6.08	7.25	2.56	66.57	32.39	1.12	5.82	124.22	-0.466482394	0.399769539	-0.866251933	S1	Astrocytoma	III	Female	Mutant	1	1	44	7.049574471	Low	71.6
CGGA_1508	34.5	1	6.22	5.06	4.3	14.38	3.13	48.52	32.73	0.99	4.29	14.29	-0.557797079	-0.602975481	0.045178402	S3	Astrocytoma	III	Male	Mutant	0	0	39	6.180413313	Low	33.5
CGGA_1510	8.9	1	12.66	7.45	12.12	30.19	16.3	65.03	44.81	2.56	21.72	24.74	0.63738957	-0.368954303	1.006343873	S2	Astrocytoma	III	Male	Mutant	1	1	40	9.09089313	High	7.9
CGGA_1513	70.7	0	6.77	9.56	4.94	20.05	4.56	80.11	42.21	0.56	8.11	4.1	0.254323587	-0.786857905	1.041181493	S2	Oligodendroglioma	III	Female	Mutant	1	1	36	7.263128779	Low	70.7
CGGA_1514	2.5	1	0.48	0.41	1.17	2.81	2.16	3.84	5.42	1.26	2.48	0.78	-0.664720601	-0.343603409	-0.321117191	S2	Astrocytoma	II	Female	Wildtype	0	0	57	3.622638419	Low	1.5
CGGA_1516	70.7	0	6.58	9.74	6.72	20.72	6.53	84.01	59.33	0.86	6.18	34.5	0.537101875	-0.884587256	1.421689131	S3	Oligodendroglioma	II	Male	Mutant	1	1	46	7.887822637	Low	70.7
CGGA_1517	70.7	0	5.24	11.9	5.51	12.17	4.23	86.92	46.34	0.75	5.28	126	-0.288462795	-0.641195105	0.35273231	S3	Oligodendroglioma	II	Male	Mutant	1	0	42	7.356749626	Low	70.7
CGGA_1518	13.5	1	7.18	4.59	5.52	10.97	6.35	116.27	37.07	1.57	21.86	113.17	-0.336358722	0.619493182	-0.955851904	S2	Astrocytoma	III	Female	Wildtype	1	1	19	9.239420316	High	12.5
CGGA_1523	70.4	0	8.36	7.75	5.17	34.79	9.42	51.03	35.45	3.48	27.74	41.72	-0.422138688	0.789019738	-1.211158426	S3	Astrocytoma	II	Male	Mutant	1	1	50	8.667495018	High	70.4
CGGA_1524	33	1	7.07	11.84	6.6	18.83	6.83	82.97	48.06	1.02	15.3	17.72	0.470615302	-0.594198351	1.064813654	S3	Oligodendroglioma	III	Male	Mutant	1	1	36	7.864285396	Low	32
CGGA_1525	55.4	1	4.46	16.39	2.55	4.91	2.69	45.83	10.7	0.93	3.35	13.23	-0.505898323	-0.581767138	0.075868814	S1	Oligoastrocytoma	III	Male		1	1	41	5.187104372	Low	54.4
CGGA_1526	69.8	0	8.76	8.67	6.04	41.11	12.88	53.05	54.52	4.01	16.4	5.81	0.416059364	0.385253286	0.030806078	S2	Oligodendroglioma	III	Male	Mutant	1	1	39	9.293960267	High	69.8
CGGA_1527	56.4	1	11.24	6.51	3.81	33.72	7.84	51.51	48.94	1.79	9.5	59.1	-0.402539818	-0.334542276	-0.067997542	S3	Astrocytoma	III	Male	Mutant	1	1	47	7.303923966	Low	55.4
CGGA_1528	69.6	0	5.22	13.38	7.3	10.1	3.82	93.75	34.89	1.05	5.31	12.65	-0.337128149	-0.766594396	0.429466247	S3	Oligodendroglioma	II	Female	Mutant	1	0	27	7.836675477	Low	69.6
CGGA_1530	69.6	0	3.58	18.96	9.69	3.02	2.24	57.8	4.56	1.35	3.48	16.14	-0.41154278	-0.748945909	0.337403129	S3	Oligoastrocytoma	III	Male		1	1	41	5.005071982	Low	69.6
CGGA_1533	40	1	5.71	4.42	4.36	7.2	3.44	83.76	30.56	1.26	4.88	69.07	-0.519672677	-0.454697066	-0.064975611	S1	Astrocytoma	III	Female	Wildtype	1	1	61	7.120005894	Low	39
CGGA_1536	27.6	1	14.17	7.58	9.52	56.6	15.9	54.24	45.31	6.4	19.93	23.32	0.650653766	0.639307469	0.011346297	S3	Astrocytoma	II	Male	Mutant	0	0	53	8.445059976	High	26.6
CGGA_1544	6.8	1	7.4	6.34	5.85	42.21	6.48	83.97	60.01	1.59	11.53	16.41	0.527135191	-0.442003002	0.969138193	S3	Astrocytoma	III	Female	Mutant	0	0	38	9.18163506	High	5.8
CGGA_1552	67.5	0	6.42	9.2	5.84	15	5.16	83.41	53.64	1.04	5.92	4.76	0.380312544	-0.850483656	1.2307962	S3	Oligodendroglioma	III	Male	Mutant	1	1	39	7.220977795	Low	67.5
CGGA_1553	17.8	1	6.42	6.06	4.3	40.06	11.96	76.15	62.46	2.98	49.15	3.55	0.315846429	0.466095977	-0.150249548	S3	Astrocytoma	III	Male	Mutant	1	1	30	8.96430486	High	16.8
CGGA_1554	27.1	1	6.7	4.59	9.11	22.7	11.3	79.48	55.92	2.06	17.66	7.82	0.289291395	-0.710501131	0.999792527	S3	Oligodendroglioma	III	Male	Mutant	1	1	34	9.371446596	High	26.1
CGGA_1557	67.3	0	4.71	7.17	5.24	14.43	4.95	126.02	37.85	0.75	8.06	85.34	0.329985538	-0.403026723	0.733012261	S1	Oligodendroglioma	III	Male	Mutant	1	1	47	8.080212531	Low	67.3
CGGA_1562	67.2	0	7.27	11.4	5.88	14.3	6.15	89.85	50.21	0.83	16.37	18.49	0.307958651	-0.573661139	0.88161979	S1	Oligodendroglioma	III	Male	Mutant	1	0	51	8.228410131	Low	67.2
CGGA_1563	67.2	0	7.64	7.22	9.32	71.46	6.91	61.06	69.28	2.43	23.12	23.76	0.549929072	0.381261835	0.168667237	S3	Astrocytoma	II	Female	Wildtype	1	0	32	9.609179	High	67.2
CGGA_1565	46.6	0	6.31	9.48	8.29	17.38	6.24	105.31	46.06	1.5	7.27	115.29	0.674388624	0.515308661	0.159079963	S3	Astrocytoma	III	Female	Mutant	0	0	23	7.294536501	Low	46.6
CGGA_1566	67.1	0	4.81	12.29	3.93	10.97	3.63	77.19	31.95	0.41	3.12	16.06	-0.274801976	-0.971247582	0.696445606	S3	Oligodendroglioma	III	Female	Mutant	1	1	43	5.436550625	Low	67.1
CGGA_1567	27.6	1	4.35	9.14	4.95	10.11	3.84	89.21	31.11	1.34	14.86	208.69	-0.560045437	0.708323822	-1.26836926	S1	Oligodendroglioma	III	Female	Mutant	1	1	48	7.749416534	Low	26.6
CGGA_1568	11.3	0	5.1	10.05	4.06	8.95	3.08	70.4	27.95	1.37	7.72	39.05	-0.527942537	-0.316836224	-0.211106313	S1	Astrocytoma	III	Female		0	0	26	7.619721699	Low	11.3
CGGA_1569	46.2	0	4.76	16.77	4.38	9.09	3.01	73.78	25.46	1.16	2.39	10.67	-0.387684937	-0.708829421	0.321144483	S1	Astrocytoma	III	Female	Wildtype	0	0	27	6.829268807	Low	46.2
CGGA_157	30	1	5.82	7.27	4.6	10.47	2.81	93.54	35.38	0.94	5.91	52.37	-0.303885831	-0.516932325	0.213046494	S3	Astrocytoma	II	Male		1	1	34	6.624481227	Low	29
CGGA_1575	4.2	1	6.57	7.2	7.03	35.11	6.72	87.29	37.82	1.65	16.18	37.4	-0.281317765	-0.459181121	0.177863356	S3	Astrocytoma	III	Male	Mutant	1	0	37	8.884646167	High	3.2
CGGA_1579	66.3	0	2.01	6.69	1.63	5.49	1.26	112.19	28.18	0.42	18.77	13.03	-0.523737186	-0.536576042	0.012838856	S1	Astrocytoma	II	Male	Wildtype	0	0	37	6.445746014	Low	66.3
CGGA_1580	52	1	8.58	6.79	6.5	44.4	10.15	54.04	47.76	5.39	17.97	91.29	-0.267979551	0.808084422	-1.076063973	S3	Astrocytoma	III	Female	Mutant	1	1	34	8.499528885	High	51
CGGA_1583	52.8	1	5.59	5.67	4.68	8.95	5.6	105.52	39.89	0.7	33.14	7.25	-0.311365053	-0.426130312	0.114765259	S1	Oligoastrocytoma	II	Female		1	1	51	7.75674378	Low	51.8
CGGA_1587	24.7	1	10.56	7.73	5.96	48.5	9.22	80.51	34.82	2.4	12.68	56.69	0.420286266	0.503424326	-0.08313806	S3	Astrocytoma	III	Female	Mutant	0	0	30	8.230170812	Low	23.7
CGGA_1588	65.9	0	0.99	20.7	0.72	2.74	0.88	29.96	10.36	0.55	1.97	20.07	-0.657390207	-0.683327319	0.025937113	S1	Astrocytoma	III	Female	Wildtype	0	0	24	5.16984132	Low	65.9
CGGA_1589	11.2	1	7.43	7.3	3.1	45.18	15.55	82.93	64.42	4.2	98.87	2.01	0.34470277	0.545316845	-0.200614075	S3	Astrocytoma	II	Male	Wildtype	1	1	49	9.596211646	High	10.2
CGGA_1591	37.2	1	8.1	11.68	7.84	55.23	11.8	53.69	39.6	2.39	50.61	20.29	0.361704684	0.582535854	-0.22083117	S2	Astrocytoma	III	Male	Mutant	1	1	54	9.489328175	High	36.2
CGGA_1592	52.2	1	5.47	7.24	7.79	41.04	18.55	113.4	25.23	2.71	22.85	48.28	0.345355561	0.62070547	-0.275349909	S2	Oligodendroglioma	III	Male	Mutant	1	1	37	7.848808374	Low	51.2
CGGA_1594	15.8	0	2.66	14.23	1.21	2.66	1.99	22.01	5.72	0.77	3.01	18.34	-0.644060766	-0.637006539	-0.007054227	S1	Astrocytoma	II	Male		0	1	25	3.775375914	Low	15.8
CGGA_1598	18.5	1	8.23	7.58	6.69	28.99	6.93	93.09	40.59	1.44	8.85	195.46	0.363594662	0.475622433	-0.11202777	S3	Astrocytoma	III	Male	Wildtype	1	1	31	10.00425299	High	17.5
CGGA_1606	15.5	1	6.12	5.47	4.91	69.74	7.98	55.22	44.72	3.43	18.64	0.56	-0.311421229	-0.413598294	0.102177065	S3	Astrocytoma	III	Female	Wildtype	1	1	28	9.140927085	High	14.5
CGGA_1607	43.8	1	8.44	8.12	6.34	32	8.11	82.7	62.83	1	8.88	24.69	0.612498729	-0.714759163	1.327257892	S2	Oligodendroglioma	II	Female	Mutant	1	1	35	7.945471458	Low	42.8
CGGA_1608	64.2	0	6.88	7.53	7.56	16.93	7.69	91.78	55.64	1.25	29.91	12.44	0.251257731	-0.556823042	0.808080773	S1	Astrocytoma	III	Male	Mutant	1	0	38	9.596835097	High	64.2
CGGA_1610	34.8	1	1.82	13.17	0.87	2.28	1	21.44	10.68	0.54	1.92	11.52	-0.63973325	-0.719673797	0.079940547	S1	Oligoastrocytoma	III	Male		1	1	39	5.241744908	Low	33.8
CGGA_1614	35.5	1	10.73	8.47	5.26	28.58	6.64	104.23	41.93	1.27	11.4	68.01	0.61990473	0.481462089	0.138442641	S1	Astrocytoma	III	Male	Mutant	1	1	51	8.429083395	High	34.5
CGGA_1617	63.6	0	4.21	11.41	3.56	7.06	2.59	89.48	24.4	0.61	11.45	52.04	-0.446862594	-0.529261405	0.082398811	S1	Oligodendroglioma	II	Female		1	0	35	6.280790602	Low	63.6
CGGA_1618	63.7	0	5.74	7.72	4.08	8.02	4.13	99.64	31.62	0.98	6.58	70.68	-0.318247824	-0.346454247	0.028206423	S3	Astrocytoma	III	Male	Mutant	1	1	31	6.78847819	Low	63.7
CGGA_1619	25.2	1	4.64	5.43	7.57	10.77	3.74	89.84	21.95	1.02	15.59	282.6	-0.576160932	0.492597402	-1.068758334	S1	Astrocytoma	III	Male	Mutant	1	1	44	8.446311479	High	24.2
CGGA_1620	63.5	0	5.36	5.28	3.68	14.25	6.04	71.45	37.46	1.06	18.41	30.41	-0.529728477	0.244251737	-0.773980214	S3	Oligodendroglioma	III	Male	Mutant	1	1	51	8.285396376	High	63.5
CGGA_1621	63.5	0	6.86	7.95	6.75	28.74	5.42	110.5	44.23	1.44	8.16	74.29	0.476306737	0.490905985	-0.014599248	S3	Astrocytoma	II	Female	Mutant	0	0	48	7.908087705	Low	63.5
CGGA_1623	63.4	0	6.23	4.94	3.44	18.18	5.75	51.43	43.88	1.05	9.41	2.99	-0.706708511	-0.654769847	-0.051938664	S3	Astrocytoma	III	Female	Wildtype	1	0	16	7.983802674	Low	63.4
CGGA_1627	63.2	0	6.09	8.44	4.55	20.94	5.7	73.45	43.67	1.61	16.35	51.05	-0.382067071	0.571675751	-0.953742822	S3	Astrocytoma	III	Male	Mutant	1	1	37	8.501480927	High	63.2
CGGA_1630	62.9	0	3.03	9.8	2.68	5.05	1.66	61.53	20.19	0.47	4.84	7.45	-0.653717645	-0.711577944	0.0578603	S1	Oligodendroglioma	II	Male		0	0	26	6.085480875	Low	62.9
CGGA_1640	62	0	4.37	7.75	3.49	5.12	2.26	68.76	21.56	0.7	8.39	63.13	-0.731844185	-0.373295302	-0.358548883	S1	Oligoastrocytoma	III	Male		1	1	55	5.945353507	Low	62
CGGA_1642	62	0	2.44	5.74	2.59	5.04	1.18	95.69	18.79	0.66	2.39	35.14	-0.627491499	-0.597622562	-0.029868936	S3	Astrocytoma	II	Male	Mutant	1	0	48	5.315844576	Low	62
CGGA_1645	61.1	0	8.32	7.32	8.63	34.89	6.89	61.88	35.46	3.76	17.46	58	0.236321937	0.621956304	-0.385634367	S2	Astrocytoma	III	Male	Mutant	1	1	59	7.620298166	Low	61.1
CGGA_1647	60.8	0	2.42	19.14	1.61	3.54	1.25	39.08	13.98	0.73	2.85	7.56	-0.631418356	-0.644079467	0.012661111	S1	Oligodendroglioma	II	Male		1	1	40	5.150880154	Low	60.8
CGGA_1648	57.4	0	3.86	15.21	3.34	5.86	2.3	43.19	17.83	0.73	2	7.5	-0.367392327	-0.662984185	0.295591858	S1	Oligoastrocytoma	III	Female		1	1	45	4.840190596	Low	57.4
CGGA_1649	60.6	0	2.24	12.87	1.75	4.29	1.17	50.11	9.85	0.48	2.09	21.4	-0.550574414	-0.718278774	0.16770436	S1	Oligodendroglioma	II	Male	Mutant	1	1	36	5.542836569	Low	60.6
CGGA_165	6	0	3.5	11.53	3.2	4.24	1.82	50.17	16.53	0.79	7.55	21.52	-0.535849992	-0.404728152	-0.13112184	S1	Astrocytoma	II	Male		1	0	34	5.519728742	Low	6
CGGA_1651	27.7	1	5.62	7.1	3.26	24.55	7.83	102.12	58.03	0.97	43.69	4.58	0.308069019	-0.458695533	0.766764552	S1	Astrocytoma	II	Female	Mutant	1	1	44	8.633951137	High	26.7
CGGA_1653	60.4	0	3.58	10.83	2.4	6.99	1.85	64.38	19.76	0.84	3.39	3.19	-0.620747141	-0.709764843	0.089017702	S1	Oligoastrocytoma	II	Female		1	0	47	5.488100712	Low	60.4
CGGA_1655	39.7	0	5.89	9.58	6.69	9.15	4.44	91.23	35.22	1.43	6.64	29.48	0.295235233	-0.566098088	0.86133332	S1	Astrocytoma	II	Male	Mutant	1	0	48	6.366907977	Low	39.7
CGGA_1657	60.3	0	3.97	7.62	3.36	5.12	1.93	77.3	26.71	0.72	5.61	21.99	-0.559926442	-0.71460132	0.154674878	S1	Oligoastrocytoma	III	Female		0	0	20	7.221724892	Low	60.3
CGGA_1660	14.2	0	2.26	36.68	6.53	9.14	12.1	30.97	12.45	1.15	7.41	4.91	-0.312072124	-0.477901935	0.16582981	S1	Astrocytoma	II	Male	Wildtype	1	1	41	5.915480176	Low	14.2
CGGA_1661	60.1	0	3.1	12.82	2.74	12.39	2.08	86.96	21.37	0.91	2.97	37.98	-0.424488214	-0.512033806	0.087545592	S1	Astrocytoma	III	Female		1	1	42	5.825254695	Low	60.1
CGGA_1662	49.1	0	5.81	9.58	3.93	22.4	6.4	65.94	32.28	0.56	7.68	12.24	-0.240362737	-0.701842895	0.461480158	S3	Oligodendroglioma	II	Female	Mutant	1	0	55	7.525832727	Low	49.1
CGGA_1664	50.2	1	7.31	8.65	4.03	19.72	7.16	84.47	52.84	1.03	25.16	6.71	0.296957831	-0.574586758	0.871544589	S1	Oligodendroglioma	II	Female	Mutant	1	0	40	8.857446329	High	49.2
CGGA_1667	59.2	0	7.49	8.27	8.2	34.98	13.52	48.54	48.64	3.24	15.58	10.21	0.278585629	-0.309087449	0.587673078	S2	Oligodendroglioma	III	Female	Mutant	1	1	40	8.54902041	High	59.2
CGGA_1669	4.6	1	8.52	6.45	7.28	34.09	7.76	75.26	30.67	3.9	19.62	346.97	-0.350302162	0.729694973	-1.079997135	S2	Astrocytoma	III	Female	Wildtype	0	0	44	10.6421226	High	3.6
CGGA_1670	12	1	8.26	5.98	5.88	25.07	4.38	70.01	43.73	1.83	10.09	222.78	-0.447923862	0.562653094	-1.010576956	S3	Astrocytoma	III	Female	Wildtype	1	1	30	8.960729374	High	11
CGGA_1671	58.8	0	10.26	5.72	7.13	26.5	8.96	97.28	33.95	1.52	14.6	60.98	-0.297522875	0.370788859	-0.668311734	S3	Astrocytoma	III	Female	Mutant	1	1	26	8.365913367	High	58.8
CGGA_1673	58.6	0	5.37	6.93	4.41	28.84	8.67	86.99	45.8	1.34	27.99	23.11	-0.301012354	0.473463746	-0.7744761	S3	Astrocytoma	II	Female	Mutant	0	0	23	7.918523133	Low	58.6
CGGA_1675	58.3	0	9.55	5.4	9.03	41.01	8.13	76.91	44.83	2.68	18.25	78.06	0.410864446	0.599941628	-0.189077182	S3	Astrocytoma	III	Male	Mutant	1	1	38	8.353644532	High	58.3
CGGA_1679	58.1	0	3.75	12.91	2.09	5.19	2.18	74	21.01	0.71	18.54	4.24	-0.475771679	-0.25268723	-0.223084449	S1	Oligodendroglioma	III	Female	Mutant	1	1	52	6.224597408	Low	58.1
CGGA_1680	19.6	1	2.85	10.77	7.51	9.17	2.82	77.41	26.99	1.31	13.56	35.53	-0.621024098	-0.437041361	-0.183982737	S1	Astrocytoma	III	Male	Mutant	1	1	45	8.685473263	High	18.6
CGGA_1685	7.4	1	7.18	6.56	5.61	53.17	16.09	90.86	58.86	3.41	30.87	1.95	0.422899975	-0.401676884	0.824576859	S2	Astrocytoma	III	Male	Mutant	1	1	33	8.790996611	High	6.4
CGGA_1686	24.5	1	3.63	10.53	5.51	9.8	2.6	58.57	38.91	1.01	6.51	10.75	-0.442285639	-0.693087058	0.250801419	S3	Astrocytoma	III	Male	Wildtype	0	1	27	8.83909599	High	23.5
CGGA_1688	1.7	1	5.8	5.79	7.46	15.28	7.03	54.13	33.23	2.29	10.6	111.33	-0.516057549	0.451559742	-0.967617291	S3	Astrocytoma	III	Female	Wildtype	1	1	51	9.497842078	High	0.7
CGGA_1689	57.1	0	8.75	7.8	5.52	18.66	5.88	78.97	41.54	1.86	9.26	60.42	0.311342786	0.334346477	-0.023003692	S3	Astrocytoma	II	Male	Mutant	1	0	45	7.792569754	Low	57.1
CGGA_1693	17	1	5.19	11.83	4.53	7.12	3.03	71.87	25.62	1.01	6.57	33.7	-0.479787918	-0.617170411	0.137382493	S1	Oligodendroglioma	III	Male		1	1	61	8.59655998	High	16
CGGA_1695	56.4	0	8.19	9.52	6.22	14.79	4.12	79.06	35.13	1.37	6.55	46.01	0.240048909	-0.495260573	0.735309483	S3	Astrocytoma	III	Male	Mutant	1	1	45	6.882420811	Low	56.4
CGGA_1696	39.6	0	0.72	0.46	0.18	3.44	1.39	4.73	1.96	0.24	8.81	4.04	-0.650903386	-0.269478108	-0.381425278	S3	Astrocytoma	III	Male	Wildtype	1	1	72	2.704871478	Low	39.6
CGGA_1700	55.8	0	4.63	7.46	3.09	10.44	3.64	85.12	32.99	0.74	9.03	36.38	-0.531230663	-0.51764196	-0.013588703	S1	Oligodendroglioma	III	Male	Mutant	1	1	49	7.462374411	Low	55.8
CGGA_1701	55.8	0	4.27	14.81	5.89	10.14	3.56	99.74	42.99	0.57	5.99	62.87	-0.341390308	-0.654682469	0.313292161	S3	Oligodendroglioma	III	Male	Mutant	1	1	44	7.553606656	Low	55.8
CGGA_1703	52.3	0	6.44	9.88	4.64	11.48	4.09	76.48	38.09	1.17	7.25	159.86	0.207547957	0.53041018	-0.322862224	S1	Astrocytoma	II	Female	Mutant	1	1	30	7.314600492	Low	52.3
CGGA_1704	55.4	0	4.13	13.37	5.07	9.43	2.26	57.83	21.15	1.2	3.63	80.2	-0.473165023	-0.518821564	0.045656541	S1	Astrocytoma	II	Female	Wildtype	1	0	32	7.565273427	Low	55.4
CGGA_1714	54.4	0	5.34	10.92	4.49	8.88	3.68	89.93	29.79	0.75	5.63	14.18	-0.264816085	-0.782912426	0.518096342	S1	Oligoastrocytoma	III	Female		1	1	37	7.436826696	Low	54.4
CGGA_1715	54.3	0	7.01	7.26	5.35	26.76	7.26	49.21	54.99	1.11	11.47	140.65	-0.428671501	0.393037371	-0.821708872	S3	Oligodendroglioma	II	Female	Wildtype	0	0	12	8.966774419	High	54.3
CGGA_1716	31.3	1	9.28	7.16	6.69	35.18	13.29	55.82	41.81	5.12	43.03	121.4	-0.364722239	0.816294196	-1.181016435	S3	Astrocytoma	III	Male	Mutant	1	1	38	9.645080621	High	30.3
CGGA_1718	53.1	0	7.71	7.71	5.4	25.02	6.26	65.95	47.46	1.44	9.51	44.15	0.310050042	-0.271722815	0.581772857	S3	Astrocytoma	III	Female	Mutant	1	1	37	8.359072959	High	53.1
CGGA_1720	53.1	0	8.19	8.7	8.98	42.46	13.43	58.21	48.44	4.44	28.53	17.2	0.385240608	0.553283569	-0.168042961	S2	Astrocytoma	II	Male	Mutant	1	1	35	8.872017913	High	53.1
CGGA_1721	53.1	0	4.01	9.12	5.59	9.62	2.85	95.46	23.2	0.71	4.73	38.53	-0.446999733	-0.73835145	0.291351717	S1	Oligodendroglioma	III	Female		1	1	46	7.15359936	Low	53.1
CGGA_1723	52.8	0	5.24	8.72	5.31	17.63	4.86	85.08	44.35	0.95	9.14	68.49	-0.303136937	-0.435942813	0.132805876	S3	Oligodendroglioma	III	Female	Mutant	1	1	39	7.75905438	Low	52.8
CGGA_1725	52.8	0	6.11	5.87	4.96	37.47	7.82	111.83	61.29	0.99	10.97	53.09	0.376881263	-0.454831763	0.831713026	S3	Oligodendroglioma	III	Female	Mutant	1	1	33	8.484400809	High	52.8
CGGA_1731	52.5	0	8.22	8.04	4.14	11.59	3.98	67.4	38.08	1.09	8.03	59.32	-0.398348926	-0.417896049	0.019547123	S3	Astrocytoma	III	Female	Mutant	1	1	45	8.05230599	Low	52.5
CGGA_1737	51.7	0	4.65	7.59	4.76	13	4.19	103.58	42.19	0.86	5.14	34.49	-0.273746349	-0.724307084	0.450560735	S3	Oligodendroglioma	III	Male	Mutant	1	1	33	7.513710446	Low	51.7
CGGA_1738	15.4	1	6.38	10.04	8.26	13.2	5.34	91.76	32.55	1.79	10.7	5.59	0.290972902	-0.628547	0.919519902	S3	Astrocytoma	III	Male	Wildtype	1	1	49	9.25707204	High	14.4
CGGA_1739	16.9	1	7.01	7.19	7.36	21.17	8.66	86.57	49.23	1.13	10.27	68.95	0.363781784	-0.480838471	0.844620255	S3	Astrocytoma	III	Male	Mutant	1	1	45	8.35356727	High	15.9
CGGA_1743	44.7	1	5.76	6.37	5.15	22.22	7.27	75.07	58.4	1.55	27.16	20.94	0.270183486	0.663803719	-0.393620233	S3	Astrocytoma	III	Female	Mutant	0	0	47	8.281241938	Low	43.7
CGGA_1745	50.9	0	0.19	0.45	0.21	1.21	1.95	4.55	4.92	0.29	18.38	0.33	-0.669797044	0.488312659	-1.158109703	S2	Oligoastrocytoma	III	Female	Mutant	1	1	45	1.56350405	Low	50.9
CGGA_1747	9.6	1	4.94	11.88	4.15	11.2	2.39	48.08	12.81	1.2	3.21	51.32	-0.442406957	-0.603250035	0.160843077	S1	Oligoastrocytoma	III	Female		1	1	27	7.109949926	Low	8.6
CGGA_1760	15.1	1	8.44	6.01	5.93	18.9	5.19	73.77	34.55	1.44	13.35	18.03	0.271392827	-0.438584056	0.709976883	S1	Astrocytoma	II	Male	Wildtype	1	1	51	8.994326008	High	14.1
CGGA_1771	35.1	1	6.21	6.36	4.46	32.34	10.84	88.74	29.85	2.28	40.62	44.86	-0.380509113	0.627668446	-1.008177558	S2	Astrocytoma	III	Male	Mutant	1	1	38	8.346206653	High	34.1
CGGA_1786	47.2	0	4.85	9.05	9.03	19.04	4.89	111.25	54.69	0.84	4.74	17.04	0.617394024	-0.795538766	1.41293279	S2	Oligodendroglioma	III	Female	Mutant	1	1	54	7.751890143	Low	47.2
CGGA_1791	28.1	1	0.63	0.12	0.96	1.61	1.38	6.12	4.73	0.81	13.94	7.13	-0.752960801	0.581150322	-1.334111123	S3	Astrocytoma	III	Male	Wildtype	1	1	55	3.442663875	Low	27.1
CGGA_1809	11.3	1	4.77	10.22	7.75	29.51	6.3	102.93	41.91	1.82	15.08	407.74	0.317679505	0.928216993	-0.610537488	S3	Oligodendroglioma	III	Male	Wildtype	1	1	27	10.14680616	High	10.3
CGGA_1829	26.3	0	6.68	4.86	5.05	17.37	8.26	92.24	61.91	1.06	35.55	7.88	0.337146146	-0.401293467	0.738439612	S1	Astrocytoma	II	Male	Wildtype	0	0	23	8.860283746	High	26.3
CGGA_1850	24.7	0	8.23	7.25	7.26	32.4	6.26	83.57	70.77	1.67	9.67	98.12	0.624042943	0.535016784	0.08902616	S3	Astrocytoma	II	Male	Mutant	0	1	29	7.492292202	Low	24.7
CGGA_1854	41	0	7.09	9.11	5.38	17.57	4.81	71.67	38.75	1.67	6.58	78.95	0.197539616	-0.390871092	0.588410709	S3	Astrocytoma	III	Male	Mutant	1	1	36	7.671702435	Low	41
CGGA_1862	3.6	1	16.7	6.39	7.15	69.01	14.91	88.03	66.36	4.52	10.93	1.3	0.61581029	-0.348391722	0.964202012	S2	Astrocytoma	III	Male	Wildtype	1	1	40	10.39208124	High	2.6
CGGA_1863	39.9	0	6.35	9.75	5.08	16.61	4.47	92.14	44.89	0.67	9.31	94.53	0.474645587	-0.403253905	0.877899492	S3	Oligodendroglioma	III	Female	Mutant	1	1	50	7.266342861	Low	39.9
CGGA_1875	38.7	0	7.3	10.12	5.5	10.91	4.28	53.4	22.29	1.2	4.76	63.11	-0.467987092	-0.502639822	0.03465273	S1	Astrocytoma	II	Female	Wildtype	1	1	22	9.182517769	High	38.7
CGGA_1880	38.4	0	6.47	8.95	6.8	13.8	4.43	72.55	48.02	1.08	8.56	86.11	0.298004628	0.446882029	-0.1488774	S3	Astrocytoma	III	Female	Mutant	0	0	37	6.582982489	Low	38.4
CGGA_1882	38	0	3.96	23.63	4.6	9.53	3.39	63.39	21.97	0.8	5.31	16.83	-0.505140921	-0.812911152	0.307770231	S1	Oligodendroglioma	III	Male	Mutant	0	0	33	6.366676947	Low	38
CGGA_1902	36.3	0	7	11.17	4.51	14.99	5.56	84.53	43.92	1.31	11.54	43.81	0.270266889	0.36995497	-0.099688081	S1	Astrocytoma	II	Male	Mutant	0	0	33	8.53397231	High	36.3
CGGA_1903	36.1	0	3.97	34.64	2.82	4.85	8.28	38.4	10.38	0.9	3.13	5.67	-0.558799561	-0.691502668	0.132703107	S1	Oligoastrocytoma	III	Female		1	1	24	4.84236092	Low	36.1
CGGA_1906	34.7	1	8.51	7.57	5.03	12.36	4.29	76.91	31.54	1.05	7.25	317.26	-0.354026083	0.445845283	-0.799871366	S1	Astrocytoma	III	Male	Mutant	1	1	57	7.998648382	Low	33.7
CGGA_194	75.7	1	7.09	9.5	6.01	31.26	7.13	72.97	51.04	1.24	15.31	11.43	0.505998601	-0.719123604	1.225122205	S3	Oligodendroglioma	III	Female	Mutant	1	0	43	8.177500081	Low	74.7
CGGA_1994	28.3	0	5.38	9.98	4.79	11.96	4.54	113.46	39.94	0.88	14.94	37.99	0.297016414	-0.556312216	0.853328629	S1	Oligodendroglioma	III	Female	Mutant			32	8.036392833	Low	28.3
CGGA_2002	18.8	1	5.46	5.22	5.15	43.75	10.77	74.93	68.65	2.25	9.64	5.61	0.468429559	-0.316441831	0.784871391	S2	Astrocytoma	II	Male	Mutant	1	1	40	7.69006211	Low	17.8
CGGA_2006	20.6	1	6.82	1.84	2.95	58.47	7.55	76.64	52.39	4.79	8.78	46.63	-0.30381526	0.592528768	-0.896344028	S3	Astrocytoma	III	Male	Mutant	1	1	43	8.813322457	High	19.6
CGGA_2013	4.6	1	5.26	4.36	3.51	17.17	6.24	97.87	59.79	0.9	2.99	123.84	0.473640567	0.418099417	0.05554115	S3	Astrocytoma	II	Male	Mutant	1		41	6.605846989	Low	3.6
CGGA_2046	8.3	1	9.91	6.05	4.16	52.49	12.13	61.45	68.06	2.76	7.08	35.61	0.494288199	-0.322610385	0.816898584	S3	Astrocytoma	III	Male	Mutant	1	1	46	9.292698927	High	7.3
CGGA_2079	18.8	0	8.11	7.57	7.3	80.59	13.73	84.61	55.85	1.25	8.39	34.37	0.690722303	-0.363617412	1.054339714	S2	Oligodendroglioma	III	Male	Mutant	1	1	45	8.863406908	High	18.8
CGGA_2081	18.8	0	8.74	3.45	4.06	53.85	12.14	142.78	77.02	0.89	3.04	59.28	0.684590847	-0.427724705	1.112315553	S2	Oligodendroglioma	III	Female	Mutant	1	0	39	7.489832553	Low	18.8
CGGA_2121	11.4	1	7.99	3.36	2.66	19.93	6.91	37.7	42.47	1.98	7.45	50.39	-0.692125202	0.361416179	-1.053541381	S3	Astrocytoma	II	Female	Mutant	1	1	41	8.155500436	Low	10.4
CGGA_2129	14.4	0	10.75	4.75	5.28	35.86	9.57	72.52	35.74	1.44	6.49	64.38	0.381289582	0.365169947	0.016119635	S3	Astrocytoma	III	Male	Mutant	0	0	48	6.586980576	Low	14.4
CGGA_265	130.2	0	9.69	9.48	9.62	21.98	6.6	85.41	55.19	1.54	15.71	136.79	0.704176739	0.712366268	-0.008189528	S3	Astrocytoma	II	Male	Mutant	1	1	43	8.424078155	High	130.2
CGGA_279	43.2	1	12.16	8.59	6.74	21.93	8.01	61.68	60.18	1.61	14.86	10.27	0.414541818	-0.69166378	1.106205598	S1	Astrocytoma	III	Female	Mutant	1	1	49	8.62562057	High	42.2
CGGA_28	36.3	1	3.5	3.32	2.41	8.93	3.44	58.31	17.46	1.11	4.7	14.33	-0.673746944	-0.537781678	-0.135965267	S3	Astrocytoma	II	Male	Mutant	1	0	25	5.988516254	Low	35.3
CGGA_288	34.8	1	6.26	6.44	4.14	28.37	7.98	82.64	75.02	1.11	6	77.12	0.365574431	-0.337357928	0.702932359	S3	Oligodendroglioma	II	Male	Mutant	1	0	49	8.235318386	Low	33.8
CGGA_290	144.3	0	4.87	6.96	5.19	48.85	18.76	80.39	51.03	2.66	25.64	9.55	0.302598371	0.281783539	0.020814833	S2	Oligodendroglioma	II	Female	Mutant	1	0	37	9.906975555	High	144.3
CGGA_320	98.8	1	6.31	7.8	5.15	57.22	11.28	78.99	65.99	1.56	21.84	1.29	0.50501588	-0.540476434	1.045492314	S2	Oligodendroglioma	II	Male	Mutant	1	1	31	9.05781024	High	97.8
CGGA_336	83.8	1	12.83	6.28	8.75	88.68	14.7	54.39	60.14	1.33	16.26	57.96	0.594949856	0.326759506	0.26819035	S2	Oligodendroglioma	III	Female	Mutant	1	1	57	8.216175836	Low	82.8
CGGA_358	4	1	7.4	7.59	4.16	12.55	4.97	83.84	35.09	1.35	15.8	48.88	0.29854045	0.68394872	-0.385408269	S1	Astrocytoma	III	Female	Mutant	0	0	30	7.259571433	Low	3
CGGA_362	55.2	0	9.64	6.53	4.89	51.62	13.15	39.89	45.74	1.8	18.83	27.35	0.344232461	0.415568712	-0.071336251	S3	Astrocytoma	II	Female	Mutant	0		39	8.854662133	High	55.2
CGGA_369	140.4	0	5.94	7.63	4.09	22.39	7.6	74.32	52.58	1.61	30.02	7.76	0.328861542	0.428654045	-0.099792503	S3	Astrocytoma	II	Male	Mutant	1	0	33	8.783312296	High	140.4
CGGA_406	3	1	10.76	6.15	5.89	67.7	12.04	79.93	59.47	3.97	30.63	1.57	0.533929	0.453364989	0.080564011	S2	Astrocytoma	III	Female	Mutant	0	0	24	10.82556038	High	2
CGGA_42	93.1	1	6.49	7.03	7.03	32.28	8.93	76.01	64.14	2.82	10.12	22.62	0.365725366	-0.288051253	0.653776619	S2	Astrocytoma	II	Male	Mutant	1	1	38	8.443241875	High	92.1
CGGA_420	115.5	0	7.08	5.78	10.71	69.26	14.08	159.56	58.12	2.23	14.33	2.69	0.64366724	-0.568251597	1.211918837	S2	Oligodendroglioma	III	Female	Mutant	1	1	39	9.638353118	High	115.5
CGGA_457	2.5	1	8.55	5.19	8.17	63.42	13.87	53.22	27.66	2.67	25.07	1038.08	-0.347964555	0.669529686	-1.017494242	S2	Astrocytoma	III	Male	Mutant	0	0	32	10.66586541	High	1.5
CGGA_474	66.7	0	8.82	6.73	7.21	20.68	13.43	85.17	41.3	1.68	3.89	48.64	0.563133927	-0.632008096	1.195142023	S1	Oligodendroglioma	III	Male	Wildtype	1	1		8.027849675	Low	66.7
CGGA_482	82.6	1	7.13	9.29	8.81	41.75	11.23	68.71	73.67	2.85	13.19	19.69	0.618878204	0.247331554	0.37154665	S2	Oligodendroglioma	II	Male	Mutant	1	1	45	8.846403438	High	81.6
CGGA_492	21.4	0	11.16	4.18	6.78	44.19	8	67.41	56.64	2.91	17.39	128.57	-0.272221759	0.668910392	-0.941132151	S3	Astrocytoma	III	Male	Wildtype	1	1	27	9.912899201	High	21.4
CGGA_503	134.3	0	4.98	4.24	4.27	39.51	11.78	55.81	50.73	2.28	42.45	7.8	-0.435919783	0.441453664	-0.877373447	S3	Astrocytoma	II	Male	Mutant	1	1	51	7.523232662	Low	134.3
CGGA_507	9.9	1	6	5.77	3.95	37.46	10.56	89.08	46.85	2.48	50.75	23.19	-0.302027019	0.561319574	-0.863346593	S3	Astrocytoma	III	Female	Mutant	0	1	53	9.064885514	High	8.9
CGGA_521	16.9	1	9.96	8.51	10.24	36.99	9.56	65.02	64.77	4.94	19.27	146.87	0.55003737	0.868852806	-0.318815436	S3	Astrocytoma	III	Male	Wildtype	1	1	32	10.42051263	High	15.9
CGGA_554	4.4	1	5.09	6.7	2.81	7.21	3.19	93.02	26.07	0.91	11.62	4.1	-0.479663086	-0.612543152	0.132880065	S1	Oligoastrocytoma	III	Female		1	0	46	5.978472346	Low	3.4
CGGA_583	102.1	1	0.15	0.36	0.18	1.17	0.87	2.81	3.41	0.46	5.53	1.61	-0.728489693	0.387841895	-1.116331587	S2	Astrocytoma	II	Female	Mutant	1	0	36	2.103125601	Low	101.1
CGGA_619	18.1	1	7.63	7.64	6.83	14.2	6.18	55.92	51.09	2.13	9.63	107.36	-0.327854494	0.407980529	-0.735835024	S3	Astrocytoma	II	Male	Wildtype	1	0	40	10.26283588	High	17.1
CGGA_621	44.3	0	4.43	7.76	8.06	18.2	4.16	81.24	23.92	1.54	13.97	3.64	-0.395368489	-0.614517492	0.219149002	S3	Astrocytoma	III	Male	Mutant	1	1	40	8.106048352	Low	44.3
CGGA_625	81	1	5.26	11.31	6.92	11.71	4.11	84.59	39.79	1.27	4.18	11.46	0.262807968	-0.623207138	0.886015106	S3	Oligodendroglioma	III	Female	Mutant	0	0	33	7.264373473	Low	80
CGGA_634	86.6	1	5.37	6.05	4.49	38.78	12.19	81.94	52.46	3.52	36.55	8.04	-0.389335714	0.526576573	-0.915912288	S3	Astrocytoma	III	Female	Mutant	1	1	35	8.13212022	Low	85.6
CGGA_652	15.6	1	9.54	8.03	5.2	30.51	7.32	114.86	110.01	1.69	27.18	34.77	0.67680742	0.747499348	-0.070691928	S3	Astrocytoma	III	Male	Mutant	1	1	42	8.500715738	High	14.6
CGGA_663	127.6	0	5.61	7.04	5.18	40.4	13.43	69.02	52.35	2.42	44.59	7.48	0.294397284	0.448902664	-0.15450538	S3	Astrocytoma	II	Female	Mutant	1	0	29	8.654335552	High	127.6
CGGA_703	44.5	1	9.39	4.81	4.88	32.99	8.36	49.12	36.62	2.15	22.45	87.49	-0.394961646	0.650558706	-1.045520352	S1	Oligodendroglioma	III	Female	Mutant	1	1	31	9.005710977	High	43.5
CGGA_705	49.5	1	7.5	5.4	8.54	38.5	9.35	67.75	46.84	4.58	15.89	39.79	-0.276942574	0.853539602	-1.130482175	S3	Astrocytoma	III	Male	Mutant	1	0	41	7.586585102	Low	48.5
CGGA_707	108.5	1	6.75	6.18	4.02	38.42	11.73	54.82	43.7	2.71	22.32	12.71	-0.40346563	0.336120664	-0.739586294	S3	Oligodendroglioma	II	Female	Mutant	1	1	39	8.39209097	High	107.5
CGGA_720	41.4	1	7.89	7.52	5.91	23.06	5.28	114.71	48.19	1.39	20.49	28.62	0.351722463	0.434392598	-0.082670134	S3	Astrocytoma	II	Female	Mutant	1	0	46	7.260523208	Low	40.4
CGGA_721	83.9	1	8.62	7.17	7.48	58.73	10.97	87.25	57.91	3.2	29.18	24.82	0.579723287	0.568899929	0.010823357	S3	Astrocytoma	II	Male	Mutant	1	1	45	8.606807736	High	82.9
CGGA_724	125.5	0	6.46	11.27	5.61	18.9	6.1	87.84	57.5	1.31	17.91	21.85	0.591789507	0.315043362	0.276746145	S1	Astrocytoma	II	Male	Mutant	0	0	32	8.275502254	Low	125.5
CGGA_730	69.6	1	7.48	8.29	4.66	50.12	10.37	59.26	50.39	2.48	9.1	24.55	0.39120616	0.256579026	0.134627134	S2	Oligodendroglioma	II	Female	Mutant	1	0	51	7.652081736	Low	68.6
CGGA_763	10.5	0	4.28	4.66	3.1	29.76	10.94	52.25	47.36	2.45	46.37	4.41	-0.541694885	0.469944013	-1.011638899	S3	Astrocytoma	III	Male	Wildtype	1	0	52	8.220293292	Low	10.5
CGGA_780	30.3	1	7.78	7.9	4.96	26.28	9.14	92.28	51.33	1.66	38.07	29.78	0.358070302	0.79033643	-0.432266128	S3	Oligodendroglioma	III	Female	Wildtype	0	1	64	9.542747748	High	29.3
CGGA_799	61.4	1	8.7	11.09	8.33	41.27	14.17	78.25	47.37	1.26	19.89	67.53	0.71670638	0.321594017	0.395112363	S3	Oligodendroglioma	III	Male	Mutant	1	1	53	8.37093124	High	60.4
CGGA_809	41.2	1	10.85	8.74	5.33	23.04	6.8	85.33	49.52	1.95	12.31	46.09	0.397829973	0.334889927	0.062940047	S3	Astrocytoma	II	Male	Mutant	1	1	26	8.358175393	High	40.2
CGGA_810	18.1	1	7.03	4.83	7.26	45.93	10.05	49.84	25.26	3.94	13.35	1.84	-0.488630094	-0.39250152	-0.096128574	S3	Oligodendroglioma	III	Male	Wildtype	1	1	20	9.988420615	High	17.1
CGGA_825	27.5	1	11.87	9.69	9.11	47.9	12	84.7	57.7	2.73	20.3	164.36	0.717727416	0.695588726	0.02213869	S3	Astrocytoma	III	Male	Mutant	1	1	36	7.945379889	Low	26.5
CGGA_846	98.3	0	4.42	8.69	6.66	10.88	4.14	73.06	44.66	1.92	19.59	18.19	-0.40684018	0.464449014	-0.871289194	S1	Astrocytoma	II	Female	Wildtype	0	1	39	8.844342286	High	98.3
CGGA_852	5.6	1	12.23	7.46	8.07	42.97	11.4	54.82	47.48	3.83	14.54	151.89	0.343996389	0.737143342	-0.393146953	S3	Astrocytoma	III	Male	Wildtype	1	0	40	10.47376596	High	4.6
CGGA_861	29.4	1	4.14	4.55	3.3	25.94	10.33	44.73	53.52	3.33	14.23	4.78	-0.655198774	0.341053121	-0.996251895	S2	Astrocytoma	III	Male	Wildtype	0	0	29	8.092452503	Low	28.4
CGGA_862	34.4	0	4.58	5.53	2.92	29.62	8.45	69.52	38.04	1.51	46.9	3.46	-0.543173357	0.514616369	-1.057789726	S3	Astrocytoma	II	Male	Mutant	0		30	8.38349983	High	34.4
CGGA_863	68.2	1	4.35	6.6	9.58	22.66	7.58	43.04	70.4	5.78	16.25	2.42	0.359097802	0.437833533	-0.07873573	S2	Astrocytoma	II	Female	Wildtype	1	0	42	8.372778484	High	67.2
CGGA_867	12.1	1	12.69	7.8	6.99	27.32	10.34	62.53	50.31	2.03	15.71	10.36	0.371715849	-0.766266297	1.137982147	S3	Astrocytoma	III	Female	Mutant	0	0	40	8.424214441	High	11.1
CGGA_881	8.3	1	5.77	4.86	5.77	66.45	6.33	78.09	56.01	5.34	18.32	146.62	-0.25890912	0.810933415	-1.069842536	S3	Astrocytoma	III	Female	Wildtype	1	1	23	11.01522804	High	7.3
CGGA_882	33.1	0	5.98	5.26	5.18	46.12	15.07	58.48	52.86	5.41	51.85	6	-0.204027272	0.675629549	-0.879656821	S2	Astrocytoma	III	Male	Mutant	1	0	30	9.60539786	High	33.1
CGGA_883	33.4	0	7.15	7.63	5.8	41.95	5.62	81.83	62.69	2.02	15.39	47.43	0.420414251	0.614242829	-0.193828578	S3	Astrocytoma	II	Female	Mutant	0		39	7.862877703	Low	33.4
CGGA_887	33.2	0	4.02	4.2	2.23	22.62	5.72	61.34	38.67	1.14	21.03	6.01	-0.695386701	0.315023852	-1.010410553	S1	Oligodendroglioma	III	Male	Wildtype	0		25	7.902688718	Low	33.2
CGGA_888	22	1	5.89	7	6.41	35.25	13.18	69.93	64.25	4.17	28.02	43.57	0.333309447	0.64684775	-0.313538303	S2	Oligodendroglioma	III	Male	Mutant	1	1	29	8.13973462	Low	21
CGGA_889	118.8	0	8.45	8.19	3.4	50.09	15.95	69.37	70.19	2.02	60.07	5.39	0.470500924	0.48517629	-0.014675366	S3	Astrocytoma	II	Male	Mutant	1	1	23	9.201310195	High	118.8
CGGA_890	98	1	5.82	5.34	5.86	19.35	8.07	45.27	42.27	3.88	9.78	18.93	-0.625083128	0.309955018	-0.935038146	S2	Astrocytoma	III	Male	Mutant	1	1	39	8.430110265	High	97
CGGA_901	30.5	1	6.26	3.13	4.64	37.3	9.33	82.87	43.9	3.56	16.12	67.98	-0.346098531	0.716078834	-1.062177366	S2	Astrocytoma	III	Male	Mutant		1	40	6.912584242	Low	29.5
CGGA_903	47.8	1	6.6	6.59	5.5	44.05	17.67	38.63	55.8	5.67	22.44	7.03	-0.276469281	0.42465429	-0.701123571	S2	Astrocytoma	III	Female	Mutant	1	0	27	10.52895113	High	46.8
CGGA_D19	9.8	1	8.45	5.7	7.69	68.84	20.16	59.64	51.55	2.13	21.85	3.01	0.326837679	-0.655368089	0.982205769	S2	Oligodendroglioma	II	Female	Mutant	1	1	64	9.128753009	High	8.8
CGGA_D28	28.3	1	11.55	7.64	7.57	24.48	7.22	81.77	43.09	3.53	14.18	23.36	0.566159304	0.681040522	-0.114881218	S2	Astrocytoma	III	Male	Mutant	1	0	25	8.479593214	High	27.3
CGGA_D50	25.7	1	5.85	9.59	5.92	38.74	12.44	83.71	52.76	3.11	22.72	10.02	0.39141283	-0.278736322	0.670149152	S2	Oligodendroglioma	II	Male	Mutant	0	0	30	8.533868431	High	24.7
CGGA_J50	55.7	1	7.47	6.68	8.03	16.3	5.73	69.87	20.5	2.66	14.16	28.35	-0.52087706	0.361490994	-0.882368054	S3	Oligoastrocytoma	II	Male	Mutant	1	1	27	8.735473042	High	54.7
CGGA_J73	37.3	1	5.41	7.04	9.55	30.05	8.94	79.68	40.84	2.34	28.71	45.59	-0.344815312	0.555161775	-0.899977086	S3	Oligodendroglioma	III	Female	Mutant	1	1	34	8.790494717	High	36.3
CGGA_P103	42.2	0	6.22	8.46	4.87	40.61	12.92	73.15	56.78	2.22	37.85	3.2	0.283661762	-0.404914479	0.688576241	S2	Oligodendroglioma	II	Male	Mutant	1	0	34	8.672180549	High	42.2
CGGA_P104	5.5	1	0.38	0.32	0.49	1.29	0.91	2.95	0.98	0.2	8.05	0.93	-0.734822921	-0.427949367	-0.306873554	S3	Oligoastrocytoma	III	Female	Mutant	1	1	36	2.519872609	Low	4.5
CGGA_P108	42	0	9.05	6.76	5.8	66.57	14.5	47.19	41.02	4.28	30.98	158.67	-0.236615043	0.735073382	-0.971688425	S2	Astrocytoma	III	Female	Wildtype	1	1	30	10.64119319	High	42
CGGA_P11	14.2	0	5.8	9.64	9.93	27.12	5.52	73.24	55.06	1.9	9.86	30.35	0.431680984	-0.413817545	0.84549853	S3	Astrocytoma	II	Female	Mutant			38	6.930163383	Low	14.2
CGGA_P110	26.3	1	11.08	4.54	5.78	47.84	13.54	68.51	56.19	2.5	33.92	78.34	0.267413065	0.600692128	-0.333279063	S3	Oligodendroglioma	III	Female	Wildtype	1	1	56	10.47531149	High	25.3
CGGA_P111	41.8	0	7.49	10.11	8.84	36.35	10	63.72	48.6	2.44	16.53	22.64	0.353580608	-0.342895264	0.696475871	S2	Oligodendroglioma	II	Female	Mutant	1	0	44	8.980172802	High	41.8
CGGA_P113	44.1	0	6.04	6.81	4.68	45.06	15.34	63.54	56.31	2.08	74.51	1.56	0.485926709	0.475979703	0.009947007	S3	Astrocytoma	II	Male	Wildtype	1	0	32	9.440037206	High	44.1
CGGA_P115	41.5	0	0.59	0.41	0.24	0.89	1.51	4.34	2.67	0.13	4.78	48.46	-0.680275229	-0.471339548	-0.208935681	S3	Astrocytoma	II	Male	Wildtype	1	0	25	2.885205455	Low	41.5
CGGA_P121	40.9	0	5.62	7.27	1.92	11.4	4.48	82.23	36.44	0.87	27.44	7.38	-0.308751212	0.349313559	-0.658064771	S1	Astrocytoma	II	Male	Wildtype	1	0	39	7.436700002	Low	40.9
CGGA_P122	41.9	0	12	11.34	9.15	56.88	27.27	99.02	51.44	1.76	24.12	17.63	0.816559729	0.326445424	0.490114305	S2	Oligodendroglioma	II	Male	Mutant	1	1	43	8.657274762	High	41.9
CGGA_P128	40.2	0	4.93	7.41	5.23	40.52	10.65	66.46	50	2.82	35.34	6.38	-0.256713928	0.41648809	-0.673202018	S2	Astrocytoma	II	Male	Mutant	1	0	41	8.096045665	Low	40.2
CGGA_P13	51.6	0	6.87	8.29	7.12	44.55	10.84	67.28	50.62	1.72	33.54	10.67	0.354843113	0.451022868	-0.096179755	S2	Oligodendroglioma	II	Female	Mutant	0	0	40	8.378238878	High	51.6
CGGA_P131	40.5	0	7.81	9.77	8.58	42.38	13.57	76.15	56.68	2.24	25.2	19.11	0.659841041	0.246205804	0.413635237	S2	Oligodendroglioma	III	Female	Mutant	1	1	45	9.068085096	High	40.5
CGGA_P132	40.8	0	8.76	10.18	9.43	44.19	13.91	67.98	45.77	2.36	15.44	23.15	0.706706817	0.417653436	0.289053381	S2	Oligodendroglioma	II	Male	Mutant	1	0	42	7.633423042	Low	40.8
CGGA_P137	38.3	0	10.03	7.74	5.56	55.22	9.75	66.83	54.88	3.68	19.26	21.96	0.491952417	0.457393364	0.034559053	S2	Astrocytoma	II	Male	Mutant	1	1	42	8.008775412	Low	38.3
CGGA_P142	39.3	0	8.21	7.4	7.83	28.32	9.52	57.62	43.98	2	10.5	15.81	0.354560926	-0.424684099	0.779245025	S3	Oligodendroglioma	III	Male	Mutant	1	1	45	8.599835583	High	39.3
CGGA_P144	39.3	0	8.96	7.7	8.3	43.88	12.87	60.47	41.5	3.57	39.99	20.34	0.441788454	0.64553455	-0.203746097	S3	Astrocytoma	III	Male	Mutant	1	1	44	9.278308175	High	39.3
CGGA_P145	10.1	1	5.95	7.32	6.35	20.05	5.58	51.58	53.79	1.95	11.52	17.7	-0.259691917	-0.303702468	0.044010551	S3	Astrocytoma	II	Male	Mutant	1	0	53	7.951011828	Low	9.1
CGGA_P146	11.3	0	9.8	7.75	4.67	60.68	14.18	92.51	67.34	3.07	44.94	1.27	0.66737003	0.411117122	0.256252908	S2	Astrocytoma	II	Male	Mutant	1	1	31	8.990363466	High	11.3
CGGA_P147	28.4	1	7.03	9.09	8.11	36.61	11.25	52.57	48.17	2.72	23.12	10.44	-0.309666313	-0.339450889	0.029784576	S2	Astrocytoma	II	Male	Mutant	1	0	52	9.12779833	High	27.4
CGGA_P150	11.5	0	8.76	7.62	8.12	33.46	9.26	53.92	57.29	3.73	25.67	30.09	0.353085602	0.745199824	-0.392114222	S2	Astrocytoma	II	Male	Mutant	1	0	34	8.393184421	High	11.5
CGGA_P151	40.1	0	7.64	6.19	3.6	18.85	7.09	93.86	51.89	1.21	21.66	46.21	0.242453062	0.452881359	-0.210428297	S3	Astrocytoma	II	Female	Mutant	1	1	46	9.05217455	High	40.1
CGGA_P153	36.9	0	0.24	0.29	0.19	1.38	1.43	3.18	2.26	0.3	10.25	2.17	-0.772183078	0.252689557	-1.024872635	S2	Astrocytoma	II	Male	Mutant	0	0	45	1.468219134	Low	36.9
CGGA_P155	36.9	0	8.94	8.74	6.04	71.92	16.49	74.1	50.49	3.79	27.25	13.5	0.579172716	0.504958974	0.074213742	S2	Astrocytoma	II	Male	Wildtype	1	0	50	9.304071154	High	36.9
CGGA_P156	37	0	8.05	8.79	7.51	33.94	11.96	65.43	60.99	1.83	19.22	1.69	0.433060851	-0.752736781	1.185797633	S2	Oligodendroglioma	II	Male	Mutant	0	0	30	8.754423167	High	37
CGGA_P157	15.5	1	10.84	8.03	5.03	64.14	16.36	65.29	69.17	3.91	22.31	2.32	0.666817874	-0.425806691	1.092624565	S3	Astrocytoma	III	Female	Wildtype	1	1	55	10.87720019	High	14.5
CGGA_P158	37.7	0	0.15	0.5	0.03	1.06	0.95	4.37	2.33	0.11	4.78	1.05	-0.718595048	-0.740041601	0.021446552	S2	Oligoastrocytoma	II	Male	Mutant	1	0	27	2.085311791	Low	37.7
CGGA_P159	6.9	1	10.69	8.49	9.21	53.18	18.99	58.46	49.19	5.98	30.11	24.61	0.544846676	0.659017932	-0.114171256	S2	Astrocytoma	III	Male	Wildtype	0	0	59	7.536166377	Low	5.9
CGGA_P163	28.1	1	6.58	10.58	9.58	60.23	14.46	64.6	47.4	3.63	26.24	8.94	0.481725	-0.324042169	0.805767169	S3	Oligodendroglioma	III	Female	Mutant	1	1	45	8.905888244	High	27.1
CGGA_P165	19.7	1	0.54	0.14	0.4	1.6	1.56	4.06	5.41	0.1	5.2	3.13	-0.717306088	-0.809306508	0.09200042	S2	Oligoastrocytoma	III	Female	Mutant	1	1	51	2.292979121	Low	18.7
CGGA_P17	51.3	0	7.41	8.77	8.4	39.75	10.19	57.48	46.65	3.18	17.48	13.64	0.269246715	-0.313008029	0.582254744	S2	Oligodendroglioma	III	Male	Mutant	1	1	30	8.712261293	High	51.3
CGGA_P172	36.4	0	0.48	0.33	0.05	1	1.75	4.04	5.36	0.51	12.9	2.22	-0.719071089	0.491813541	-1.21088463	S2	Astrocytoma	III	Male	Mutant	1	1	33	3.554955855	Low	36.4
CGGA_P173	35.7	0	8.67	7.88	5.87	51.76	12.54	51.15	53.34	4.6	19.94	34.78	0.340628683	0.634706863	-0.29407818	S3	Astrocytoma	II	Male	Mutant	1	0	31	9.517847219	High	35.7
CGGA_P174	36.8	0	5.88	7.84	4.35	48.13	15.65	80.62	58.94	2.48	17.71	24.18	0.475069704	0.404436291	0.070633413	S2	Oligodendroglioma	II	Male	Mutant	1	1	31	8.395278624	High	36.8
CGGA_P176	26.4	0	6.46	9.5	7.02	45.58	13.79	70.34	55.27	2.25	33.31	8.21	0.469417768	0.335039427	0.134378341	S2	Oligodendroglioma	II	Female	Mutant	1	0	32	8.789873243	High	26.4
CGGA_P177	35.5	0	9.54	7.61	9.96	31.4	10.22	48.54	33.08	4.06	13.76	143.06	-0.349559201	0.693419799	-1.042979	S3	Astrocytoma	II	Male	Wildtype	1	0	43	10.02716489	High	35.5
CGGA_P179	35.9	0	5.78	7.5	6.89	40.26	11.93	67.7	48.44	4.17	47.08	5.54	-0.257756464	0.579322393	-0.837078857	S2	Astrocytoma	II	Female	Mutant	1	1	53	8.937228561	High	35.9
CGGA_P18	12.7	1	13.02	7.64	10.77	37.8	14.21	62.23	47.39	5.91	17.59	55.7	0.601290046	0.601325492	-3.54461E-05	S3	Astrocytoma	III	Male	Mutant	0	1	40	10.32589949	High	11.7
CGGA_P181	7.8	1	6.91	7.54	8.83	25.3	11.69	47.19	45	5.31	21.76	18.96	-0.366267644	0.496982718	-0.863250362	S2	Astrocytoma	III	Female	Wildtype			21	9.707026157	High	6.8
CGGA_P183	37.8	0	3.34	10.36	10.55	48.99	6.82	60.32	44.64	2.44	18.44	14.64	0.344097862	-0.33893429	0.683032151	S2	Oligodendroglioma	III	Male	Mutant	1	1	58	9.460000498	High	37.8
CGGA_P185	16.5	1	7.17	11.45	8.4	42.87	11.99	61.21	45.68	5.21	45.24	4.63	0.264016495	0.602275106	-0.338258611	S2	Astrocytoma	III	Female	Mutant	1	1	41	9.09566381	High	15.5
CGGA_P19	51.1	0	8.04	8.33	7.88	31.85	9.96	58.84	50.88	4.13	21.64	19.74	0.259643537	0.437356556	-0.17771302	S3	Astrocytoma	II	Male	Mutant	1	0	39	8.724535731	High	51.1
CGGA_P20	51.1	0	7.22	8.67	8.4	30.81	10.75	53.05	56.5	4.09	28.04	35.23	0.308762877	0.856601964	-0.547839087	S2	Astrocytoma	II	Female	Mutant	1	0	58	8.042505923	Low	51.1
CGGA_P21	51.1	0	7.1	10.66	6.41	17.46	5.8	151.42	43.49	1.69	6.94	25.51	0.50296925	-0.645981862	1.148951112	S3	Astrocytoma	II	Male	Mutant	1	1	25	7.593804402	Low	51.1
CGGA_P23	12.9	1	0.55	0.46	0.36	2.19	1.68	3.48	3.36	0.23	4.08	1.08	-0.668855851	-0.591817945	-0.077037906	S3	Astrocytoma	III	Female	Wildtype	1	1	62	2.651751568	Low	11.9
CGGA_P265	25.6	1	0.36	0.34	0.06	0.85	0.87	6.16	3.15	0.34	2.3	19.39	-0.713844871	0.325526913	-1.039371784	S2	Astrocytoma	III	Male	Wildtype	1	1	36	1.357073181	Low	24.6
CGGA_P266	8.3	1	0.32	0.09	0.11	0.99	1.08	4.88	3.34	0.17	5.46	24.12	-0.677231026	0.387406477	-1.064637503	S2	Astrocytoma	III	Female	Wildtype	1	1	28	2.949831662	Low	7.3
CGGA_P269	16.8	1	12.26	13.39	7.09	15.16	7.06	103.66	47.03	0.95	5.38	264.58	0.575857016	0.364510831	0.211346185	S3	Oligodendroglioma	III	Female	Wildtype	1	1	47	7.800400198	Low	15.8
CGGA_P27	13.6	0	8.21	7.05	5.97	64.76	11.77	82.36	59.2	2.81	36.58	33.29	0.540015134	0.747114038	-0.207098904	S2	Astrocytoma	II	Female	Mutant	1	0	37	8.381898575	High	13.6
CGGA_P270	10.6	1	8.5	6.62	6.92	44.37	11.27	67.72	32.05	5.91	22.74	25.77	-0.281901585	0.611019388	-0.892920972	S2	Astrocytoma	II	Male	Mutant	1	1	33	8.286563707	High	9.6
CGGA_P271	33.3	0	0.7	0.45	0.05	0.54	1.44	4.43	3.34	0.59	3.15	3.37	-0.709382819	-0.361741161	-0.347641658	S2	Astrocytoma	II	Male	Mutant	1	0	42	2.040614888	Low	33.3
CGGA_P279	32	0	5.14	5.88	4.16	19.71	5.26	110.32	46.37	0.55	5.52	53.04	0.287845426	-0.665145141	0.952990566	S2	Oligodendroglioma	III	Female	Mutant	1	1	47	7.374085266	Low	32
CGGA_P286	21.6	0	6.29	9.84	8.46	29.55	6.67	79.61	57.65	0.8	8.29	43.55	0.526197854	-0.68454195	1.210739803	S2	Oligodendroglioma	II	Female	Mutant			57	8.30132125	High	21.6
CGGA_P29	3.4	1	0.31	0.56	0.96	2.15	2.11	5.62	6.64	0.66	7.41	7.23	-0.709110258	-0.404311207	-0.304799051	S2	Oligoastrocytoma	III	Female	Mutant	0	1	22	3.073099911	Low	2.4
CGGA_P298	20.8	0	7.83	10.93	10.01	21.38	7.05	79.07	55.67	1	8.69	28.1	0.548773949	-0.804761536	1.353535486	S3	Oligodendroglioma	III	Female	Mutant	1	0	50	7.842197791	Low	20.8
CGGA_P3	57.8	0	0.17	0.24	0.34	1.32	0.85	5.06	2.23	0.18	2.48	1.12	-0.701375517	-0.380329852	-0.321045665	S2	Oligoastrocytoma	III	Male	Mutant	1	0	32	1.946428566	Low	57.8
CGGA_P30	13.3	1	11.03	4.32	8.36	61.69	16.68	136.16	51.61	3.09	21.97	1.21	0.482493584	-0.432343798	0.914837381	S3	Astrocytoma	II	Male	Wildtype	1	1	48	10.94323033	High	12.3
CGGA_P306	29.4	0	6.9	5.22	3.84	27.52	7.37	91.87	70.42	0.85	10.4	83.24	-0.40429719	-0.380282393	-0.024014798	S2	Oligodendroglioma	II	Male	Mutant	1		49	8.197696796	Low	29.4
CGGA_P308	18.5	1	6.03	5.74	2.78	18.96	5.62	70.65	53.46	0.86	24.26	8.97	-0.328261689	-0.421262238	0.093000549	S3	Astrocytoma	III	Male	Mutant	1	1	38	8.06807711	Low	17.5
CGGA_P31	49.8	0	6.51	3.95	2.89	16.53	6.19	57.9	37.93	1.08	21.48	4.61	-0.591873104	-0.325767306	-0.266105798	S1	Astrocytoma	II	Male	Wildtype	0	1	42	8.992072902	High	49.8
CGGA_P310	7.4	1	1.87	9.21	0.91	4.42	1.37	22.01	9.13	0.48	4.2	14.39	-0.578765014	-0.545897597	-0.032867418	S1	Astrocytoma	III	Female				47	3.980145033	Low	6.4
CGGA_P311	29.1	0	9.96	7.16	9.63	14.47	5.71	79.63	33.04	1.74	10.14	208.37	0.353135868	0.642072671	-0.288936803	S3	Astrocytoma	II	Male	Mutant			36	8.605940558	High	29.1
CGGA_P314	28.8	0	5.01	8.28	5.24	11.49	3.71	96.23	37.51	0.52	3.7	15.24	-0.200059854	-0.923440047	0.723380193	S3	Oligodendroglioma	III	Female	Mutant	0	0	34	7.712839076	Low	28.8
CGGA_P315	14.8	1	4.56	5.62	3.5	14.12	3.6	67.87	30.56	1.01	13.54	25.5	-0.692422822	-0.537806847	-0.154615975	S1	Astrocytoma	II	Female	Mutant	1	0	47	7.527223347	Low	13.8
CGGA_P316	18.6	0	2.99	8.51	2.33	5.21	1.82	33.77	11.8	0.73	11.61	3.65	-0.662530988	-0.449041751	-0.213489237	S1	Astrocytoma	II	Male		1	0	44	6.172924849	Low	18.6
CGGA_P319	28.5	0	8.57	6.29	2.76	66.66	14.28	105.64	65.49	2.38	10.37	1.06	0.446704341	-0.533399316	0.980103656	S2	Astrocytoma	III	Male	Mutant	1		37	8.866169049	High	28.5
CGGA_P326	28.1	0	7.4	9.41	6.08	18.96	4.77	60.45	53.27	1.07	9.07	80.63	0.375766216	0.404076955	-0.02831074	S1	Astrocytoma	III	Female	Mutant	0	0	48	7.856114221	Low	28.1
CGGA_P328	19.1	1	8.77	5.27	4.02	58.09	8.52	53.45	31.07	2.66	18.96	149.99	-0.584486913	0.644137759	-1.228624672	S3	Astrocytoma	III	Female	Mutant	1		54	10.24085643	High	18.1
CGGA_P337	22.7	1	5.99	4.09	4.2	54.8	11.91	56.38	48.39	2.16	11.12	55.87	0.241667915	0.619364046	-0.377696131	S2	Oligodendroglioma	III	Female	Mutant			61	9.842584202	High	21.7
CGGA_P338	27.6	0	7.43	5.05	3.06	60.51	10.76	51.04	59.27	3.44	32.77	23.43	-0.275338814	0.858912789	-1.134251604	S3	Oligodendroglioma	II	Male	Wildtype	1		51	9.060570567	High	27.6
CGGA_P346	17.2	0	10.32	8.86	10.12	21.96	6.65	104.1	42.31	1.68	10	52.86	0.631998163	-0.28298032	0.914978484	S3	Astrocytoma	II	Male	Mutant			42	7.186436745	Low	17.2
CGGA_P356	18.7	1	8.07	9.18	5.29	14.52	4.51	98.82	36.58	1.36	8.88	47.95	0.45234136	0.418220173	0.034121187	S1	Astrocytoma	II	Female	Mutant			22	6.47265007	Low	17.7
CGGA_P358	26.6	0	8.22	8.3	5.65	20.32	5.97	57.18	46.96	1.14	17.8	58.07	-0.244286906	0.257492565	-0.501779471	S1	Astrocytoma	II	Male	Mutant		1	44	8.872554076	High	26.6
CGGA_P364	16.3	1	10.51	6.28	5.64	19.86	6.2	55.49	52.34	1.48	11	10.75	0.214188036	-0.539484656	0.753672693	S3	Astrocytoma	III	Female	Mutant	1		41	10.33814079	High	15.3
CGGA_P388	9.6	1	12.54	6.92	6.21	43	9.64	58.09	63.97	2.67	20.09	65.2	0.35963389	0.658605737	-0.298971847	S3	Astrocytoma	III	Female	Mutant			37	8.860406048	High	8.6
CGGA_P392	24.4	0	6.2	5.05	5.11	86.2	17.27	105.78	80.94	2.55	15.59	22.49	0.785247654	0.62456877	0.160678883	S2	Astrocytoma	II	Male	Mutant	0	1	35	8.730009288	High	24.4
CGGA_P399	24.1	0	7.39	8.08	7.1	36.83	8.56	78.13	51.66	1.46	14.15	42.76	0.530358632	-0.396722815	0.927081447	S2	Oligodendroglioma	II	Female	Mutant			41	7.990709802	Low	24.1
CGGA_P416	23.3	0	7.15	4.55	6.16	71.01	14.88	100.68	59.68	1.6	26.81	2.69	0.604654768	0.356471505	0.248183263	S2	Oligodendroglioma	III	Male	Mutant			29	8.415249376	High	23.3
CGGA_P421	10.1	1	10.79	4.21	3.6	59.54	17	85.17	27.38	4.83	12.43	5.3	0.405743768	0.500434914	-0.094691145	S2	Astrocytoma	III	Male	Mutant			26	7.695438852	Low	9.1
CGGA_P422	24	0	6.27	3.8	4.71	119.26	11.85	97.74	41.59	3.3	4.37	13.52	0.531578224	-0.406018732	0.937596956	S2	Oligodendroglioma	II	Female	Mutant			41	7.794262853	Low	24
CGGA_P437	21.8	0	8.43	4.25	4.92	87.01	26.57	142.98	77.78	2.38	5.09	36.71	0.711978433	-0.406245259	1.118223692	S2	Oligodendroglioma	III	Female	Mutant	1		47	10.42457502	High	21.8
CGGA_P438	21.8	0	5.16	5.31	3.69	81.8	11.17	77.33	42.92	2.45	6.6	40.46	0.257184227	0.290527441	-0.033343214	S2	Oligodendroglioma	III	Male	Mutant			41	8.988745151	High	21.8
CGGA_P439	21.7	0	9.11	4.71	3.69	77.95	14.49	56.63	49.93	5.66	7.03	73.73	0.391050193	0.610260468	-0.219210275	S3	Astrocytoma	II	Male	Mutant	1	1	45	10.13795595	High	21.7
CGGA_P446	21.2	0	8.01	7.93	4.45	82.51	14.97	98.35	62.13	2.3	5.94	7.65	0.583947977	-0.513218935	1.097166912	S2	Oligodendroglioma	III	Female	Mutant	1	1	47	7.183719925	Low	21.2
CGGA_P461	20.6	0	6.92	4.21	2.94	56.89	15.76	76.7	85.87	1.79	19.42	3.14	0.50636809	-0.345709	0.852077089	S3	Astrocytoma	III	Male	Mutant			28	9.32412563	High	20.6
CGGA_P468	20.1	0	4.81	16.02	7.16	83.37	12	96.06	71.57	2.25	8.22	21.49	0.663405625	0.329427952	0.333977673	S2	Oligodendroglioma	III	Female	Mutant			42	9.159821895	High	20.1
CGGA_P483	9.8	1	7.13	3.21	3.91	74	15.34	64.48	74.03	2.48	7.58	4.29	0.483121029	-0.549031422	1.032152451	S3	Astrocytoma	III	Male	Wildtype			41	10.25330464	High	8.8
CGGA_P492	18.9	0	6.83	5.35	3.52	64.41	10.18	84.63	58.91	1.22	4.4	18.8	0.385530035	-0.660128033	1.045658068	S2	Oligodendroglioma	II	Female	Mutant			44	8.348961466	High	18.9
CGGA_P5	12.4	1	8.47	6.8	4.51	33.95	15.11	51.3	46.4	4.33	39.39	4.69	-0.214223031	0.557674413	-0.771897444	S3	Astrocytoma	III	Female	Mutant	1	1	45	9.499758099	High	11.4
CGGA_P500	18.6	0	8.74	10.48	5.31	73.25	12.69	77.6	79.05	1.9	4.86	31.22	0.726291719	-0.640450402	1.366742121	S2	Oligodendroglioma	II	Female	Mutant	1	1	34	8.393165012	High	18.6
CGGA_P501	18.5	0	8.91	7.52	4.98	61.31	13.53	89.73	76.31	2.15	7.58	48.05	0.793521693	0.403246598	0.390275096	S2	Astrocytoma	II	Male	Mutant			27	8.61520821	High	18.5
CGGA_P505	18.4	0	10.15	6.61	5.82	44.78	9.47	78.44	76.9	1.75	8.5	47.5	0.579138889	0.220141989	0.3589969	S3	Astrocytoma	II	Male	Mutant			34	8.055551128	Low	18.4
CGGA_P508	18.2	0	10.18	6.36	5.62	57.12	13.3	100.75	83.43	2.82	19.59	4.33	0.78074142	-0.367512494	1.148253914	S2	Astrocytoma	III	Male	Mutant			40	9.034043927	High	18.2
CGGA_P510	18	0	9.9	5.29	4.75	55.19	11.75	57.2	56.48	7.05	11.28	144.54	0.403109804	0.826102787	-0.422992983	S2	Oligodendroglioma	III	Male	Mutant			42	8.96033232	High	18
CGGA_P520	17.1	0	10.24	13.15	9.89	104.24	15.6	102.33	63.22	2.78	14.97	4.18	0.843953294	-0.504797321	1.348750616	S2	Oligodendroglioma	III	Female	Mutant			44	8.993259498	High	17.1
CGGA_P568	7.2	1	8.16	10.95	5.01	60.12	10.79	80.65	55.8	2.1	6.88	58.85	0.740805692	0.414875804	0.325929887	S2	Oligodendroglioma	III	Female	Mutant	0	0	23	7.159574995	Low	6.2
CGGA_P594	2.8	1	9.98	5.26	4.26	87.63	15.84	63.08	67.33	4.73	7.25	6.8	0.529943172	-0.386754929	0.916698101	S3	Astrocytoma	III	Male	Wildtype			40	10.90380437	High	1.8
CGGA_P604	8.6	1	6.85	4.56	6.03	52.3	12.04	101.69	60.5	2.82	13.7	235.99	0.454755434	0.666975123	-0.21221969	S2	Astrocytoma	III	Female	Wildtype	0	0	15	9.198165683	High	7.6
CGGA_P633	10.8	0	7.64	5.71	6.66	46.28	16.64	72.64	45.56	2.83	26.69	50.07	0.444262569	0.727776851	-0.283514282	S3	Astrocytoma	III	Female	Mutant	1	1	40	8.85372796	High	10.8
CGGA_P83	43.7	0	8.18	6.71	6.76	28.12	6.11	92.13	61.52	1.66	8.83	34.66	0.554238906	-0.457275365	1.011514272	S3	Astrocytoma	II	Female	Mutant	1	1	28	6.908472278	Low	43.7
CGGA_P84	43.6	0	8.79	8.37	6	45.92	11.58	72.46	53.3	4.37	20.52	27.02	0.393390014	0.503831367	-0.110441352	S3	Astrocytoma	II	Female	Mutant	1	0	40	8.829404565	High	43.6
CGGA_P86	43.6	0	6.1	9.23	7.24	61.44	13.08	98.17	67.09	1.75	15.43	11.73	0.662620135	-0.488763281	1.151383416	S2	Oligodendroglioma	II	Female	Mutant	1	0	34	8.670714915	High	43.6
CGGA_P93	43.1	0	11.52	7.81	8.47	51.05	12.83	58.04	53.5	3.34	23.28	44.59	0.548519917	0.635371969	-0.086852052	S2	Astrocytoma	II	Female	Mutant	0	0	45	9.522140526	High	43.1
CGGA_P98	10.4	1	6.23	6.58	3.36	16.04	5.57	81.8	48.2	0.83	26.31	7.81	-0.257064926	-0.473836007	0.216771081	S1	Astrocytoma	III	Male	Mutant	1	1	44	8.258903637	Low	9.4
